0 0.139625 0.3413333333333333 0.03675 0.06222222222222222
0 0.075875 0.5051111111111111 0.04675 0.029777777777777778
0 0.084 0.5644444444444444 0.0415 0.04533333333333334
0 0.17625 0.5466666666666666 0.0415 0.03288888888888889
0 0.18925 0.43977777777777777 0.0415 0.03333333333333333
0 0.18875 0.494 0.046 0.03244444444444444
0 0.283125 0.5502222222222222 0.04075 0.035555555555555556
0 0.250625 0.6371111111111111 0.04575 0.03866666666666667
0 0.425 0.5308888888888889 0.0425 0.03688888888888889
0 0.34175 0.5155555555555555 0.0445 0.03822222222222222
0 0.48175 0.4908888888888889 0.039 0.03244444444444444
0 0.49875 0.544 0.042 0.035555555555555556
0 0.501 0.594 0.042 0.035111111111111114
0 0.57 0.5193333333333333 0.038 0.03688888888888889
0 0.575375 0.564 0.03925 0.04
0 0.6935 0.6004444444444444 0.041 0.03911111111111111
0 0.96825 0.6855555555555556 0.0445 0.043111111111111114
0 0.65 0.5344444444444445 0.045 0.044
0 0.080375 0.9644444444444444 0.01875 0.06844444444444445
0 0.10375 0.9528888888888889 0.022 0.0791111111111111
0 0.02625 0.09288888888888888 0.023 0.08088888888888889