0 0.57775 0.8417777777777777 0.013 0.050666666666666665
0 0.567125 0.6924444444444444 0.01175 0.03822222222222222
0 0.589375 0.6317777777777778 0.01125 0.030666666666666665
0 0.507625 0.7204444444444444 0.01375 0.057777777777777775
0 0.5195 0.5835555555555556 0.016 0.051555555555555556
0 0.578 0.3904444444444444 0.01 0.03777777777777778
0 0.5895 0.5175555555555555 0.009 0.024444444444444446
0 0.5895 0.43666666666666665 0.0085 0.023555555555555555
0 0.590875 0.274 0.00725 0.01911111111111111
0 0.611 0.30644444444444446 0.007 0.017333333333333333
0 0.592 0.35733333333333334 0.008 0.022222222222222223