0 0.09675 0.5675555555555556 0.042 0.034666666666666665
0 0.124 0.4673333333333333 0.035 0.03155555555555556
0 0.36575 0.4497777777777778 0.033 0.030222222222222223
0 0.447125 0.4444444444444444 0.03375 0.04533333333333334
0 0.541375 0.396 0.01725 0.051555555555555556
0 0.54575 0.19088888888888889 0.0155 0.058222222222222224
0 0.65525 0.5544444444444444 0.0345 0.036
0 0.7255 0.5728888888888889 0.0315 0.028444444444444446
0 0.417 0.6491111111111111 0.036 0.025333333333333333
0 0.337625 0.6497777777777778 0.03725 0.02666666666666667
0 0.316875 0.5697777777777778 0.03375 0.02666666666666667
0 0.602625 0.9086666666666666 0.02125 0.06444444444444444
0 0.7385 0.5306666666666666 0.0315 0.028444444444444446
0 0.7775 0.5286666666666666 0.035 0.030666666666666665
0 0.736375 0.494 0.03075 0.024444444444444446
0 0.776375 0.49044444444444446 0.03375 0.03155555555555556
0 0.816375 0.49044444444444446 0.03425 0.025333333333333333
0 0.859875 0.4891111111111111 0.03725 0.025333333333333333
0 0.901625 0.48355555555555557 0.03675 0.028444444444444446
0 0.739125 0.456 0.03375 0.028444444444444446
0 0.781375 0.4562222222222222 0.03425 0.030666666666666665
0 0.82525 0.456 0.038 0.028444444444444446
0 0.864 0.45355555555555555 0.035 0.025333333333333333
0 0.951625 0.48244444444444445 0.04075 0.030666666666666665
0 0.917875 0.5177777777777778 0.03375 0.027555555555555555
0 0.961125 0.5135555555555555 0.03625 0.02711111111111111
0 0.366625 0.5717777777777778 0.04075 0.030666666666666665