0 0.223 0.6033333333333334 0.045 0.03688888888888889
0 0.29325 0.6031111111111112 0.047 0.04
0 0.2805 0.6528888888888889 0.044 0.04088888888888889
0 0.213 0.6475555555555556 0.0415 0.034666666666666665
0 0.70175 0.6493333333333333 0.0445 0.052444444444444446
0 0.472 0.35444444444444445 0.022 0.08222222222222222
0 0.498375 0.44222222222222224 0.02025 0.06844444444444445
0 0.536 0.5055555555555555 0.0205 0.07244444444444445
0 0.522375 0.7171111111111111 0.01975 0.06622222222222222
0 0.629625 0.43777777777777777 0.04675 0.050666666666666665
0 0.623875 0.8671111111111112 0.02475 0.07377777777777778
0 0.54275 0.9651111111111111 0.0225 0.06977777777777777
0 0.8545 0.5835555555555556 0.041 0.034666666666666665
0 0.766625 0.5428888888888889 0.04025 0.029777777777777778
0 0.757125 0.496 0.04275 0.034666666666666665
0 0.80825 0.49133333333333334 0.0385 0.03155555555555556
0 0.883875 0.4855555555555556 0.04375 0.035111111111111114
0 0.945375 0.48044444444444445 0.04625 0.034666666666666665
0 0.92675 0.5282222222222223 0.0445 0.03333333333333333