0 0.661875 0.8997777777777778 0.01425 0.03333333333333333
0 0.662625 0.8202222222222222 0.01125 0.03688888888888889
0 0.645875 0.7824444444444445 0.01175 0.03244444444444444
0 0.646875 0.7022222222222222 0.01025 0.024
0 0.658625 0.684 0.00875 0.02311111111111111
0 0.660125 0.7244444444444444 0.00925 0.024888888888888887
0 0.62175 0.5691111111111111 0.008 0.020888888888888887
0 0.63475 0.5908888888888889 0.0085 0.021777777777777778
0 0.620375 0.592 0.00925 0.022222222222222223
0 0.638125 0.29 0.00525 0.011111111111111112
0 0.646625 0.25355555555555553 0.00475 0.009333333333333334
0 0.632625 0.23 0.00425 0.009333333333333334