0 0.443375 0.6448888888888888 0.03775 0.05688888888888889
0 0.5115 0.832 0.0225 0.07466666666666667
0 0.779625 0.5397777777777778 0.04475 0.044
0 0.456 0.1608888888888889 0.0195 0.06755555555555555
0 0.480875 0.12711111111111112 0.02075 0.08
0 0.481 0.02311111111111111 0.022 0.04622222222222222
0 0.05025 0.7608888888888888 0.0485 0.044444444444444446
0 0.06175 0.8124444444444444 0.0445 0.044444444444444446
0 0.124 0.7866666666666666 0.048 0.049777777777777775
0 0.125125 0.734 0.04325 0.04488888888888889
0 0.17875 0.7091111111111111 0.0415 0.042222222222222223
0 0.19075 0.754 0.048 0.043111111111111114
0 0.261625 0.6786666666666666 0.04275 0.044444444444444446