0 0.295875 0.8004444444444444 0.03675 0.028444444444444446
0 0.435875 0.8015555555555556 0.03725 0.03688888888888889
0 0.1505 0.9382222222222222 0.035 0.02666666666666667
0 0.3015 0.942 0.0395 0.036
0 0.3595 0.9446666666666667 0.0445 0.03688888888888889
0 0.31725 0.8986666666666666 0.0355 0.035555555555555556
0 0.36425 0.9024444444444445 0.0325 0.030666666666666665
0 0.802125 0.7993333333333333 0.04025 0.030666666666666665
0 0.605 0.5171111111111111 0.0155 0.04755555555555555
0 0.630125 0.2786666666666667 0.01825 0.050666666666666665
0 0.5825 0.45555555555555555 0.0165 0.058666666666666666
0 0.556125 0.45755555555555555 0.01475 0.04844444444444444
0 0.53475 0.4728888888888889 0.016 0.056
0 0.538875 0.4071111111111111 0.01725 0.052444444444444446
0 0.56325 0.38711111111111113 0.0185 0.05688888888888889
0 0.586125 0.374 0.01425 0.052
0 0.588125 0.3055555555555556 0.01725 0.058222222222222224
0 0.543625 0.336 0.01725 0.057777777777777775
0 0.5505 0.2717777777777778 0.0165 0.05377777777777778
0 0.573625 0.24622222222222223 0.01675 0.04622222222222222
0 0.55525 0.212 0.0155 0.051555555555555556
0 0.579125 0.18777777777777777 0.01475 0.043111111111111114
0 0.570125 0.30133333333333334 0.01425 0.049777777777777775
0 0.56 0.14666666666666667 0.0155 0.04711111111111111
0 0.583625 0.13733333333333334 0.01775 0.04533333333333334
0 0.585125 0.08511111111111111 0.01725 0.04844444444444444
0 0.589875 0.02822222222222222 0.01475 0.05466666666666667