0 0.43525 0.7145 0.0165 0.02033333333333333
0 0.441875 0.7246666666666667 0.01675 0.021333333333333333
0 0.4475 0.7365 0.0155 0.019
0 0.453125 0.7483333333333333 0.01725 0.020666666666666667
0 0.45925 0.7605 0.018 0.02033333333333333
0 0.46525 0.7718333333333334 0.018 0.02033333333333333
0 0.47175 0.7836666666666666 0.016 0.020666666666666667
0 0.48175 0.7913333333333333 0.015 0.02266666666666667
0 0.6045 0.783 0.0155 0.024
0 0.694 0.9438333333333333 0.0165 0.025666666666666667
0 0.6745 0.913 0.017 0.026
0 0.381625 0.5043333333333333 0.01475 0.02266666666666667
0 0.489 0.31466666666666665 0.0175 0.020666666666666667
0 0.473875 0.22133333333333333 0.01875 0.022
0 0.493125 0.2045 0.01875 0.021
0 0.5125 0.1885 0.016 0.018333333333333333
0 0.529125 0.17616666666666667 0.01825 0.02033333333333333
0 0.56025 0.15383333333333332 0.021 0.021
0 0.735125 0.096 0.01775 0.016666666666666666
0 0.804875 0.08933333333333333 0.01825 0.019333333333333334
0 0.71875 0.05483333333333333 0.017 0.018333333333333333
0 0.739125 0.0205 0.01625 0.018333333333333333
0 0.76625 0.019 0.0195 0.02
0 0.269375 0.25716666666666665 0.01475 0.022333333333333334
0 0.307125 0.18283333333333332 0.00925 0.022333333333333334
0 0.281625 0.13033333333333333 0.01275 0.024
0 0.274 0.10983333333333334 0.0115 0.027666666666666666
0 0.266375 0.09116666666666666 0.01125 0.023
0 0.2005 0.10816666666666666 0.015 0.025666666666666667
0 0.246 0.04716666666666667 0.0155 0.021666666666666667
0 0.240375 0.033166666666666664 0.01425 0.021
0 0.1995 0.0255 0.0155 0.023666666666666666
0 0.158875 0.13533333333333333 0.01325 0.026
0 0.151625 0.12233333333333334 0.01425 0.026
0 0.113375 0.029833333333333333 0.01375 0.029
0 0.119125 0.04733333333333333 0.01375 0.024666666666666667
0 0.127125 0.0605 0.01375 0.030333333333333334
0 0.9005 0.9238333333333333 0.0105 0.024333333333333332
0 0.899875 0.955 0.01075 0.027333333333333334
0 0.924125 0.9436666666666667 0.01425 0.026
0 0.930625 0.9638333333333333 0.01975 0.017
0 0.930625 0.9088333333333334 0.01775 0.02033333333333333
0 0.938625 0.9801666666666666 0.01775 0.011
0 0.90125 0.985 0.0165 0.025333333333333333
0 0.944375 0.991 0.02025 0.013333333333333334
0 0.494625 0.5725 0.01625 0.027
0 0.528375 0.6373333333333333 0.01825 0.03133333333333333
0 0.541625 0.6646666666666666 0.01725 0.02666666666666667
0 0.560875 0.6983333333333334 0.01725 0.02666666666666667