0 0.353625 0.896 0.01025 0.028444444444444446
0 0.3725 0.9002222222222223 0.009 0.025333333333333333
0 0.389875 0.8624444444444445 0.01075 0.026222222222222223
0 0.393625 0.7588888888888888 0.00825 0.018222222222222223
0 0.3835 0.7342222222222222 0.0085 0.019555555555555555
0 0.468375 0.7606666666666667 0.00925 0.02266666666666667
0 0.472125 0.8146666666666667 0.00925 0.024
0 0.478 0.9264444444444444 0.0095 0.03333333333333333
0 0.479375 0.9622222222222222 0.01075 0.029333333333333333
0 0.44025 0.7971111111111111 0.017 0.013777777777777778
0 0.4395 0.8095555555555556 0.018 0.012
0 0.439625 0.8271111111111111 0.01675 0.015111111111111112
0 0.44025 0.84 0.0185 0.014222222222222223
0 0.43875 0.8524444444444444 0.018 0.012444444444444444
0 0.44125 0.8635555555555555 0.0185 0.013333333333333334
0 0.44125 0.874 0.022 0.015555555555555555
0 0.441 0.8877777777777778 0.0205 0.015555555555555555
0 0.4405 0.8995555555555556 0.0205 0.014222222222222223
0 0.44075 0.9117777777777778 0.023 0.02
0 0.441625 0.9371111111111111 0.02275 0.015555555555555555
0 0.441875 0.9506666666666667 0.02075 0.017777777777777778
0 0.442125 0.9773333333333334 0.02075 0.017777777777777778
0 0.442375 0.9646666666666667 0.02025 0.015555555555555555
0 0.336625 0.7568888888888889 0.01425 0.018666666666666668
0 0.339875 0.7437777777777778 0.01625 0.018222222222222223
0 0.33925 0.7344444444444445 0.016 0.015555555555555555
0 0.339875 0.7248888888888889 0.01625 0.015111111111111112
0 0.3435 0.7093333333333334 0.017 0.016
0 0.466375 0.7164444444444444 0.00775 0.018666666666666668
0 0.465 0.698 0.0065 0.014666666666666666
0 0.464125 0.6804444444444444 0.00675 0.017777777777777778
0 0.463 0.6628888888888889 0.007 0.018222222222222223
0 0.461125 0.634 0.00675 0.015555555555555555
0 0.46025 0.6197777777777778 0.007 0.016444444444444446
0 0.459625 0.6024444444444444 0.00675 0.014666666666666666
0 0.39 0.6091111111111112 0.007 0.013777777777777778
0 0.396125 0.686 0.00725 0.015555555555555555
0 0.369125 0.632 0.00625 0.016
0 0.385 0.5408888888888889 0.005 0.014222222222222223
0 0.403875 0.5164444444444445 0.00575 0.011555555555555555
0 0.398375 0.48288888888888887 0.00525 0.009333333333333334
0 0.39775 0.5064444444444445 0.005 0.012
0 0.45925 0.5902222222222222 0.006 0.012444444444444444
0 0.45875 0.5755555555555556 0.0065 0.014222222222222223
0 0.4415 0.5397777777777778 0.0065 0.014666666666666666
0 0.46125 0.534 0.0105 0.010222222222222223
0 0.461125 0.5286666666666666 0.01125 0.008444444444444444
0 0.443125 0.52 0.00675 0.011555555555555555
0 0.442375 0.5102222222222222 0.00525 0.009777777777777778
0 0.44225 0.5013333333333333 0.0055 0.010666666666666666
0 0.441875 0.4811111111111111 0.00475 0.011111111111111112
0 0.401875 0.40444444444444444 0.00525 0.009777777777777778
0 0.4015 0.4282222222222222 0.0055 0.009333333333333334
0 0.58225 0.6515555555555556 0.0125 0.014222222222222223
0 0.597875 0.6493333333333333 0.00825 0.016888888888888887
0 0.605125 0.646 0.00925 0.016444444444444446
0 0.5975 0.6355555555555555 0.007 0.016888888888888887
0 0.589625 0.636 0.00625 0.015111111111111112
0 0.579 0.6431111111111111 0.013 0.012444444444444444
0 0.578375 0.6371111111111111 0.01275 0.012
0 0.591625 0.618 0.00975 0.013777777777777778
0 0.57825 0.6253333333333333 0.013 0.014222222222222223