0 0.03316326530612245 0.6104651162790697 0.01870748299319728 0.03953488372093023
0 0.08616780045351474 0.10348837209302325 0.009070294784580499 0.08372093023255814
0 0.4679705215419501 0.6651162790697674 0.018140589569160998 0.03488372093023256
0 0.9041950113378685 0.663953488372093 0.022675736961451247 0.03953488372093023
0 0.9387755102040817 0.7186046511627907 0.020975056689342405 0.044186046511627906
0 0.19671201814058956 0.4232558139534884 0.01984126984126984 0.04186046511627907
0 0.9178004535147393 0.7174418604651163 0.011904761904761904 0.03255813953488372
0 0.20351473922902494 0.4755813953488372 0.017573696145124718 0.04186046511627907
0 0.19727891156462585 0.536046511627907 0.01870748299319728 0.03953488372093023
0 0.2389455782312925 0.4883720930232558 0.016439909297052153 0.03488372093023256
0 0.23129251700680273 0.5383720930232558 0.023242630385487528 0.04186046511627907
0 0.1111111111111111 0.9372093023255814 0.01020408163265306 0.08837209302325581
0 0.2698412698412698 0.5441860465116279 0.020975056689342405 0.037209302325581395
0 0.30045351473922904 0.5476744186046512 0.017573696145124718 0.03953488372093023
0 0.2718253968253968 0.4848837209302326 0.023809523809523808 0.04186046511627907
0 0.3018707482993197 0.4255813953488372 0.021541950113378686 0.03953488372093023
0 0.3574263038548753 0.43488372093023253 0.01927437641723356 0.03953488372093023
0 0.3959750566893424 0.4383720930232558 0.023242630385487528 0.04186046511627907
0 0.4200680272108844 0.4418604651162791 0.01473922902494331 0.04186046511627907
0 0.44982993197278914 0.4418604651162791 0.01984126984126984 0.037209302325581395
0 0.49263038548752835 0.44302325581395346 0.022675736961451247 0.03953488372093023
0 0.6884920634920635 0.07209302325581396 0.00963718820861678 0.07441860465116279
0 0.7653061224489796 0.16162790697674417 0.01870748299319728 0.07674418604651163
0 0.6822562358276644 0.7453488372093023 0.018140589569160998 0.037209302325581395
0 0.703514739229025 0.7453488372093023 0.018140589569160998 0.037209302325581395
0 0.7287414965986394 0.7476744186046511 0.016439909297052153 0.03953488372093023
0 0.7585034013605442 0.7581395348837209 0.022675736961451247 0.03255813953488372
0 0.7848639455782312 0.7593023255813953 0.01984126984126984 0.037209302325581395
0 0.8072562358276644 0.763953488372093 0.017573696145124718 0.037209302325581395
0 0.8319160997732427 0.7627906976744186 0.01984126984126984 0.037209302325581395
0 0.937641723356009 0.7709302325581395 0.01870748299319728 0.037209302325581395
0 0.9600340136054422 0.7732558139534884 0.015873015873015872 0.03255813953488372
0 0.9844104308390023 0.4383720930232558 0.01870748299319728 0.03488372093023256
0 0.9617346938775511 0.43488372093023253 0.01984126984126984 0.03488372093023256
0 0.9356575963718821 0.4325581395348837 0.01984126984126984 0.03488372093023256
0 0.9107142857142857 0.4290697674418605 0.016439909297052153 0.037209302325581395
0 0.8866213151927438 0.4290697674418605 0.022108843537414966 0.03953488372093023
0 0.8577097505668935 0.42790697674418604 0.016439909297052153 0.03488372093023256
0 0.8296485260770975 0.4232558139534884 0.02040816326530612 0.03953488372093023
0 0.7630385487528345 0.42093023255813955 0.018140589569160998 0.03488372093023256
0 0.6232993197278912 0.40581395348837207 0.01870748299319728 0.03255813953488372
0 0.6040249433106576 0.40581395348837207 0.016439909297052153 0.037209302325581395
0 0.5810657596371882 0.40348837209302324 0.020975056689342405 0.03953488372093023
0 0.5552721088435374 0.40232558139534885 0.01927437641723356 0.037209302325581395
0 0.5340136054421769 0.4011627906976744 0.013038548752834467 0.03255813953488372
0 0.51218820861678 0.39767441860465114 0.017006802721088437 0.03255813953488372
0 0.48781179138321995 0.3953488372093023 0.02040816326530612 0.037209302325581395
0 0.46003401360544216 0.3941860465116279 0.01927437641723356 0.03488372093023256
0 0.43565759637188206 0.3918604651162791 0.018140589569160998 0.03488372093023256
0 0.4126984126984127 0.3918604651162791 0.017006802721088437 0.03255813953488372
0 0.38945578231292516 0.3883720930232558 0.015873015873015872 0.03255813953488372
0 0.3664965986394558 0.3872093023255814 0.018140589569160998 0.03255813953488372
0 0.3429705215419501 0.38372093023255816 0.01473922902494331 0.03255813953488372
0 0.32086167800453513 0.3813953488372093 0.018140589569160998 0.03488372093023256
0 0.7329931972789115 0.6558139534883721 0.017006802721088437 0.04186046511627907