0 0.018424036281179137 0.622093023255814 0.01984126984126984 0.044186046511627906
0 0.08645124716553287 0.04883720930232558 0.010770975056689343 0.09302325581395349
0 0.37670068027210885 0.7244186046511628 0.018140589569160998 0.07209302325581396
0 0.5804988662131519 0.6813953488372093 0.023242630385487528 0.03953488372093023
0 0.6689342403628118 0.7313953488372092 0.022108843537414966 0.03953488372093023
0 0.20209750566893425 0.44534883720930235 0.021541950113378686 0.046511627906976744
0 0.6479591836734694 0.7313953488372092 0.012471655328798186 0.03255813953488372
0 0.21031746031746032 0.5 0.01984126984126984 0.046511627906976744
0 0.2060657596371882 0.5581395348837209 0.01927437641723356 0.03953488372093023
0 0.24348072562358278 0.513953488372093 0.016439909297052153 0.04186046511627907
0 0.2361111111111111 0.563953488372093 0.022675736961451247 0.046511627906976744
0 0.11196145124716553 0.9534883720930233 0.00963718820861678 0.08837209302325581
0 0.27154195011337867 0.5744186046511628 0.020975056689342405 0.037209302325581395
0 0.3010204081632653 0.5767441860465117 0.017573696145124718 0.04186046511627907
0 0.27465986394557823 0.513953488372093 0.023809523809523808 0.046511627906976744
0 0.302437641723356 0.45348837209302323 0.021541950113378686 0.05116279069767442
0 0.35912698412698413 0.4697674418604651 0.020975056689342405 0.044186046511627906
0 0.3968253968253968 0.47093023255813954 0.023242630385487528 0.05116279069767442
0 0.42063492063492064 0.47790697674418603 0.015873015873015872 0.037209302325581395
0 0.4503968253968254 0.4790697674418605 0.02040816326530612 0.03953488372093023
0 0.4929138321995465 0.48372093023255813 0.021541950113378686 0.044186046511627906
0 0.6899092970521542 0.12209302325581395 0.00963718820861678 0.07209302325581396
0 0.7664399092970522 0.2058139534883721 0.018140589569160998 0.07441860465116279
0 0.6831065759637188 0.7813953488372093 0.018140589569160998 0.03953488372093023
0 0.7043650793650794 0.7825581395348837 0.018140589569160998 0.037209302325581395
0 0.7293083900226758 0.7825581395348837 0.016439909297052153 0.04186046511627907
0 0.7599206349206349 0.7837209302325582 0.022675736961451247 0.04186046511627907
0 0.786281179138322 0.7895348837209303 0.020975056689342405 0.03953488372093023
0 0.808390022675737 0.7941860465116279 0.018140589569160998 0.03953488372093023
0 0.9387755102040817 0.8058139534883721 0.018140589569160998 0.03953488372093023
0 0.9855442176870748 0.4848837209302326 0.018140589569160998 0.037209302325581395
0 0.9634353741496599 0.48023255813953486 0.02040816326530612 0.03488372093023256
0 0.9367913832199547 0.47790697674418603 0.01927437641723356 0.03488372093023256
0 0.9121315192743764 0.4720930232558139 0.017006802721088437 0.037209302325581395
0 0.8880385487528345 0.4697674418604651 0.022108843537414966 0.046511627906976744
0 0.8591269841269841 0.4686046511627907 0.017573696145124718 0.03953488372093023
0 0.83078231292517 0.46395348837209305 0.02040816326530612 0.037209302325581395
0 0.7644557823129252 0.4558139534883721 0.01870748299319728 0.037209302325581395
0 0.6238662131519275 0.4511627906976744 0.01870748299319728 0.03488372093023256
0 0.6045918367346939 0.45232558139534884 0.016439909297052153 0.037209302325581395
0 0.5819160997732427 0.44534883720930235 0.021541950113378686 0.046511627906976744
0 0.5561224489795918 0.4476744186046512 0.02040816326530612 0.03488372093023256
0 0.5348639455782312 0.44302325581395346 0.013038548752834467 0.037209302325581395
0 0.5130385487528345 0.4383720930232558 0.017006802721088437 0.037209302325581395
0 0.48894557823129253 0.4372093023255814 0.02040816326530612 0.04186046511627907
0 0.4606009070294785 0.4325581395348837 0.01870748299319728 0.03488372093023256
0 0.4365079365079365 0.4290697674418605 0.01870748299319728 0.037209302325581395
0 0.4143990929705215 0.42674418604651165 0.017006802721088437 0.037209302325581395
0 0.3897392290249433 0.4232558139534884 0.015873015873015872 0.03953488372093023
0 0.36706349206349204 0.42093023255813955 0.018140589569160998 0.037209302325581395
0 0.34410430839002265 0.41511627906976745 0.015306122448979591 0.03953488372093023
0 0.32227891156462585 0.4116279069767442 0.017006802721088437 0.03953488372093023
0 0.4631519274376417 0.6802325581395349 0.017006802721088437 0.037209302325581395