0 0.0195578231292517 0.6267441860465116 0.01927437641723356 0.04186046511627907
0 0.36507936507936506 0.8488372093023255 0.008503401360544218 0.07906976744186046
0 0.3679138321995465 0.6988372093023256 0.023242630385487528 0.05116279069767442
0 0.46541950113378683 0.7395348837209302 0.022108843537414966 0.05116279069767442
0 0.20266439909297052 0.45930232558139533 0.022108843537414966 0.046511627906976744
0 0.44501133786848074 0.7418604651162791 0.013038548752834467 0.04186046511627907
0 0.2108843537414966 0.5174418604651163 0.01870748299319728 0.046511627906976744
0 0.20748299319727892 0.5732558139534883 0.02040816326530612 0.05116279069767442
0 0.24404761904761904 0.5325581395348837 0.017573696145124718 0.04186046511627907
0 0.23752834467120182 0.5802325581395349 0.022108843537414966 0.05813953488372093
0 0.1130952380952381 0.958139534883721 0.008503401360544218 0.07906976744186046
0 0.2723922902494331 0.5918604651162791 0.021541950113378686 0.046511627906976744
0 0.3018707482993197 0.5976744186046512 0.017573696145124718 0.04186046511627907
0 0.27494331065759636 0.5337209302325582 0.023809523809523808 0.044186046511627906
0 0.3032879818594104 0.47325581395348837 0.021541950113378686 0.05581395348837209
0 0.35941043083900226 0.4941860465116279 0.02040816326530612 0.044186046511627906
0 0.3973922902494331 0.4965116279069767 0.023242630385487528 0.053488372093023255
0 0.4212018140589569 0.5023255813953489 0.015306122448979591 0.03953488372093023
0 0.4512471655328798 0.5058139534883721 0.01984126984126984 0.044186046511627906
0 0.4943310657596372 0.5127906976744186 0.022675736961451247 0.046511627906976744
0 0.6907596371882087 0.16395348837209303 0.008503401360544218 0.06511627906976744
0 0.7678571428571429 0.24302325581395348 0.01870748299319728 0.07674418604651163
0 0.6831065759637188 0.8058139534883721 0.017573696145124718 0.04186046511627907
0 0.7049319727891157 0.8046511627906977 0.018140589569160998 0.04186046511627907
0 0.729875283446712 0.8081395348837209 0.016439909297052153 0.04186046511627907
0 0.7602040816326531 0.8081395348837209 0.022675736961451247 0.044186046511627906
0 0.7868480725623582 0.8151162790697675 0.020975056689342405 0.04186046511627907
0 0.8086734693877551 0.8197674418604651 0.017573696145124718 0.044186046511627906
0 0.985827664399093 0.522093023255814 0.018140589569160998 0.044186046511627906
0 0.963718820861678 0.5174418604651163 0.02040816326530612 0.044186046511627906
0 0.937358276643991 0.5127906976744186 0.01984126984126984 0.04186046511627907
0 0.9126984126984127 0.5104651162790698 0.017006802721088437 0.04186046511627907
0 0.8883219954648526 0.5046511627906977 0.020975056689342405 0.04883720930232558
0 0.8594104308390023 0.5023255813953489 0.018140589569160998 0.044186046511627906
0 0.8316326530612245 0.49883720930232556 0.02040816326530612 0.044186046511627906
0 0.7653061224489796 0.48953488372093024 0.01870748299319728 0.046511627906976744
0 0.6247165532879818 0.48255813953488375 0.01870748299319728 0.03953488372093023
0 0.6054421768707483 0.48372093023255813 0.015873015873015872 0.044186046511627906
0 0.5827664399092971 0.4744186046511628 0.021541950113378686 0.053488372093023255
0 0.5566893424036281 0.4790697674418605 0.01984126984126984 0.037209302325581395
0 0.5357142857142857 0.47325581395348837 0.012471655328798186 0.04186046511627907
0 0.5138888888888888 0.4697674418604651 0.017006802721088437 0.03953488372093023
0 0.4897959183673469 0.46395348837209305 0.020975056689342405 0.04883720930232558
0 0.4623015873015873 0.45813953488372094 0.01984126984126984 0.046511627906976744
0 0.4373582766439909 0.45465116279069767 0.01870748299319728 0.04186046511627907
0 0.4146825396825397 0.4511627906976744 0.017573696145124718 0.044186046511627906
0 0.39058956916099774 0.44651162790697674 0.016439909297052153 0.046511627906976744
0 0.3681972789115646 0.44302325581395346 0.018140589569160998 0.04186046511627907
0 0.34523809523809523 0.4383720930232558 0.015306122448979591 0.044186046511627906
0 0.322562358276644 0.43372093023255814 0.018140589569160998 0.04186046511627907
0 0.27947845804988664 0.6988372093023256 0.017573696145124718 0.044186046511627906