0 0.026360544217687076 0.6058139534883721 0.01927437641723356 0.03953488372093023
0 0.08560090702947845 0.09767441860465116 0.008503401360544218 0.08139534883720931
0 0.45776643990929705 0.6627906976744186 0.01870748299319728 0.03953488372093023
0 0.8667800453514739 0.6616279069767442 0.023242630385487528 0.03953488372093023
0 0.9104308390022676 0.7151162790697675 0.021541950113378686 0.044186046511627906
0 0.19784580498866214 0.4197674418604651 0.02040816326530612 0.044186046511627906
0 0.8897392290249433 0.7151162790697675 0.011904761904761904 0.03255813953488372
0 0.2060657596371882 0.4720930232558139 0.01870748299319728 0.03953488372093023
0 0.19954648526077098 0.5325581395348837 0.01984126984126984 0.037209302325581395
0 0.24064625850340135 0.48604651162790696 0.015873015873015872 0.03488372093023256
0 0.23214285714285715 0.5337209302325582 0.022108843537414966 0.044186046511627906
0 0.11054421768707483 0.9337209302325581 0.00963718820861678 0.09069767441860466
0 0.27012471655328796 0.541860465116279 0.020975056689342405 0.037209302325581395
0 0.2998866213151927 0.5453488372093023 0.017573696145124718 0.037209302325581395
0 0.2723922902494331 0.4813953488372093 0.023809523809523808 0.04186046511627907
0 0.30130385487528344 0.42209302325581394 0.022108843537414966 0.044186046511627906
0 0.356859410430839 0.4325581395348837 0.02040816326530612 0.037209302325581395
0 0.39540816326530615 0.43488372093023253 0.023242630385487528 0.046511627906976744
0 0.41950113378684806 0.4383720930232558 0.015306122448979591 0.04186046511627907
0 0.44869614512471656 0.43953488372093025 0.02040816326530612 0.03953488372093023
0 0.49206349206349204 0.44302325581395346 0.022675736961451247 0.03953488372093023
0 0.687641723356009 0.07093023255813953 0.00963718820861678 0.07906976744186046
0 0.7650226757369615 0.16162790697674417 0.01870748299319728 0.07674418604651163
0 0.6811224489795918 0.7523255813953489 0.018140589569160998 0.037209302325581395
0 0.7023809523809523 0.7546511627906977 0.01870748299319728 0.037209302325581395
0 0.7276077097505669 0.7558139534883721 0.015873015873015872 0.03953488372093023
0 0.7576530612244898 0.7569767441860465 0.022675736961451247 0.03488372093023256
0 0.7845804988662132 0.7581395348837209 0.020975056689342405 0.037209302325581395
0 0.8066893424036281 0.7627906976744186 0.017006802721088437 0.037209302325581395
0 0.8310657596371882 0.7627906976744186 0.01984126984126984 0.037209302325581395
0 0.937641723356009 0.7697674418604651 0.017573696145124718 0.03953488372093023
0 0.9591836734693877 0.7709302325581395 0.016439909297052153 0.03255813953488372
0 0.983843537414966 0.4383720930232558 0.01870748299319728 0.037209302325581395
0 0.9611678004535147 0.43488372093023253 0.02040816326530612 0.03488372093023256
0 0.9350907029478458 0.4325581395348837 0.01927437641723356 0.03488372093023256
0 0.9098639455782312 0.4290697674418605 0.016439909297052153 0.03488372093023256
0 0.8860544217687075 0.42790697674418604 0.022108843537414966 0.037209302325581395
0 0.8571428571428571 0.42790697674418604 0.016439909297052153 0.03255813953488372
0 0.828514739229025 0.4232558139534884 0.01984126984126984 0.03953488372093023
0 0.7624716553287982 0.4186046511627907 0.01870748299319728 0.037209302325581395
0 0.6227324263038548 0.4046511627906977 0.01870748299319728 0.030232558139534883
0 0.6031746031746031 0.4046511627906977 0.016439909297052153 0.03488372093023256
0 0.5804988662131519 0.4011627906976744 0.020975056689342405 0.03953488372093023
0 0.5547052154195011 0.4 0.01927437641723356 0.037209302325581395
0 0.5331632653061225 0.3988372093023256 0.012471655328798186 0.03488372093023256
0 0.5116213151927438 0.3941860465116279 0.015873015873015872 0.03255813953488372
0 0.4872448979591837 0.3941860465116279 0.01984126984126984 0.037209302325581395
0 0.45918367346938777 0.3918604651162791 0.01927437641723356 0.03255813953488372
0 0.43537414965986393 0.3883720930232558 0.01870748299319728 0.03488372093023256
0 0.4118480725623583 0.3883720930232558 0.015873015873015872 0.03255813953488372
0 0.38832199546485263 0.3872093023255814 0.016439909297052153 0.037209302325581395
0 0.3659297052154195 0.38372093023255816 0.01870748299319728 0.03488372093023256
0 0.342687074829932 0.3802325581395349 0.015306122448979591 0.03255813953488372
0 0.32001133786848074 0.37906976744186044 0.018140589569160998 0.03488372093023256
0 0.70578231292517 0.6558139534883721 0.017006802721088437 0.037209302325581395