0 0.018140589569160998 0.622093023255814 0.01984126984126984 0.044186046511627906
0 0.08616780045351474 0.08372093023255814 0.009070294784580499 0.09069767441860466
0 0.39058956916099774 0.6988372093023256 0.01927437641723356 0.04883720930232558
0 0.6405895691609977 0.6779069767441861 0.022108843537414966 0.03953488372093023
0 0.7225056689342404 0.7313953488372092 0.022108843537414966 0.03953488372093023
0 0.20209750566893425 0.44534883720930235 0.023242630385487528 0.04883720930232558
0 0.7020975056689343 0.7313953488372092 0.012471655328798186 0.03255813953488372
0 0.20975056689342403 0.49767441860465117 0.018140589569160998 0.04186046511627907
0 0.20549886621315192 0.5581395348837209 0.01984126984126984 0.037209302325581395
0 0.24263038548752835 0.5151162790697674 0.017006802721088437 0.037209302325581395
0 0.2361111111111111 0.563953488372093 0.023242630385487528 0.046511627906976744
0 0.11139455782312925 0.9546511627906977 0.00963718820861678 0.08837209302325581
0 0.2709750566893424 0.5732558139534883 0.02040816326530612 0.04186046511627907
0 0.3007369614512472 0.5755813953488372 0.018140589569160998 0.037209302325581395
0 0.27409297052154197 0.5127906976744186 0.024376417233560092 0.046511627906976744
0 0.302437641723356 0.45232558139534884 0.022108843537414966 0.046511627906976744
0 0.35856009070294786 0.4662790697674419 0.020975056689342405 0.044186046511627906
0 0.3956916099773243 0.4686046511627907 0.022675736961451247 0.05116279069767442
0 0.4200680272108844 0.47325581395348837 0.015306122448979591 0.037209302325581395
0 0.4501133786848073 0.4744186046511628 0.02040816326530612 0.037209302325581395
0 0.49263038548752835 0.48023255813953486 0.020975056689342405 0.04186046511627907
0 0.689625850340136 0.11395348837209303 0.00963718820861678 0.07209302325581396
0 0.7664399092970522 0.19883720930232557 0.018140589569160998 0.07906976744186046
0 0.6825396825396826 0.7779069767441861 0.017006802721088437 0.037209302325581395
0 0.703798185941043 0.7779069767441861 0.018140589569160998 0.03488372093023256
0 0.7287414965986394 0.7813953488372093 0.016439909297052153 0.03953488372093023
0 0.7593537414965986 0.7802325581395348 0.022108843537414966 0.037209302325581395
0 0.7859977324263039 0.7848837209302325 0.02040816326530612 0.03488372093023256
0 0.8081065759637188 0.7895348837209303 0.017573696145124718 0.037209302325581395
0 0.9390589569160998 0.8023255813953488 0.017006802721088437 0.03953488372093023
0 0.9855442176870748 0.47674418604651164 0.018140589569160998 0.03488372093023256
0 0.9631519274376418 0.4744186046511628 0.01984126984126984 0.03488372093023256
0 0.9365079365079365 0.47093023255813954 0.01870748299319728 0.03488372093023256
0 0.9121315192743764 0.4662790697674419 0.017006802721088437 0.037209302325581395
0 0.88718820861678 0.46395348837209305 0.021541950113378686 0.046511627906976744
0 0.858843537414966 0.46162790697674416 0.016439909297052153 0.03488372093023256
0 0.8302154195011338 0.45813953488372094 0.02040816326530612 0.037209302325581395
0 0.7644557823129252 0.45232558139534884 0.018140589569160998 0.03488372093023256
0 0.6232993197278912 0.44651162790697674 0.01927437641723356 0.03488372093023256
0 0.6040249433106576 0.44651162790697674 0.015873015873015872 0.03488372093023256
0 0.5813492063492064 0.44069767441860463 0.02040816326530612 0.044186046511627906
0 0.5555555555555556 0.44302325581395346 0.01984126984126984 0.037209302325581395
0 0.5345804988662132 0.4383720930232558 0.012471655328798186 0.03488372093023256
0 0.5124716553287982 0.436046511627907 0.017573696145124718 0.037209302325581395
0 0.4883786848072562 0.4313953488372093 0.01984126984126984 0.037209302325581395
0 0.4606009070294785 0.4290697674418605 0.01927437641723356 0.03488372093023256
0 0.43594104308390025 0.4255813953488372 0.01870748299319728 0.037209302325581395
0 0.4135487528344671 0.42209302325581394 0.017573696145124718 0.037209302325581395
0 0.3897392290249433 0.42209302325581394 0.015873015873015872 0.037209302325581395
0 0.3664965986394558 0.4174418604651163 0.01870748299319728 0.03953488372093023
0 0.3435374149659864 0.4127906976744186 0.015873015873015872 0.03953488372093023
0 0.32142857142857145 0.40930232558139534 0.018140589569160998 0.03488372093023256
0 0.5153061224489796 0.6790697674418604 0.017573696145124718 0.037209302325581395