0 0.018140589569160998 0.622093023255814 0.01927437641723356 0.044186046511627906
0 0.36394557823129253 0.8232558139534883 0.01020408163265306 0.08139534883720931
0 0.4166666666666667 0.686046511627907 0.022675736961451247 0.046511627906976744
0 0.5130385487528345 0.7337209302325581 0.022675736961451247 0.04883720930232558
0 0.20124716553287983 0.4511627906976744 0.021541950113378686 0.04883720930232558
0 0.49206349206349204 0.7337209302325581 0.012471655328798186 0.03953488372093023
0 0.2100340136054422 0.5081395348837209 0.01870748299319728 0.044186046511627906
0 0.2060657596371882 0.5627906976744186 0.01984126984126984 0.046511627906976744
0 0.2437641723356009 0.522093023255814 0.017006802721088437 0.04186046511627907
0 0.2361111111111111 0.5709302325581396 0.022675736961451247 0.05581395348837209
0 0.1116780045351474 0.9546511627906977 0.00963718820861678 0.08837209302325581
0 0.2709750566893424 0.5837209302325581 0.021541950113378686 0.04186046511627907
0 0.3007369614512472 0.5883720930232558 0.017573696145124718 0.04186046511627907
0 0.27352607709750565 0.522093023255814 0.023809523809523808 0.046511627906976744
0 0.3021541950113379 0.46395348837209305 0.021541950113378686 0.05581395348837209
0 0.35799319727891155 0.48255813953488375 0.021541950113378686 0.044186046511627906
0 0.39625850340136054 0.4848837209302326 0.023242630385487528 0.053488372093023255
0 0.4200680272108844 0.49186046511627907 0.015306122448979591 0.04186046511627907
0 0.44982993197278914 0.4941860465116279 0.01984126984126984 0.04186046511627907
0 0.4929138321995465 0.5 0.022108843537414966 0.04186046511627907
0 0.689625850340136 0.15 0.008503401360544218 0.06511627906976744
0 0.7667233560090703 0.22906976744186047 0.01870748299319728 0.07674418604651163
0 0.6828231292517006 0.7941860465116279 0.017573696145124718 0.03953488372093023
0 0.703514739229025 0.7930232558139535 0.01870748299319728 0.03953488372093023
0 0.7287414965986394 0.7965116279069767 0.015873015873015872 0.04186046511627907
0 0.7590702947845805 0.7976744186046512 0.022108843537414966 0.044186046511627906
0 0.7859977324263039 0.8023255813953488 0.021541950113378686 0.044186046511627906
0 0.8081065759637188 0.8081395348837209 0.017006802721088437 0.03953488372093023
0 0.9359410430839002 0.8232558139534883 0.02040816326530612 0.037209302325581395
0 0.9846938775510204 0.5058139534883721 0.018140589569160998 0.04186046511627907
0 0.9628684807256236 0.5023255813953489 0.02040816326530612 0.04186046511627907
0 0.9362244897959183 0.49883720930232556 0.01984126984126984 0.04186046511627907
0 0.9115646258503401 0.49534883720930234 0.017006802721088437 0.03953488372093023
0 0.8869047619047619 0.48953488372093024 0.022108843537414966 0.05116279069767442
0 0.8585600907029478 0.4872093023255814 0.017573696145124718 0.03953488372093023
0 0.8302154195011338 0.48604651162790696 0.02040816326530612 0.04186046511627907
0 0.764172335600907 0.47674418604651164 0.01927437641723356 0.044186046511627906
0 0.6232993197278912 0.4697674418604651 0.018140589569160998 0.03953488372093023
0 0.6045918367346939 0.4697674418604651 0.015873015873015872 0.04186046511627907
0 0.5816326530612245 0.4627906976744186 0.020975056689342405 0.05116279069767442
0 0.5555555555555556 0.4662790697674419 0.02040816326530612 0.037209302325581395
0 0.5345804988662132 0.45930232558139533 0.013038548752834467 0.037209302325581395
0 0.5127551020408163 0.45465116279069767 0.017006802721088437 0.037209302325581395
0 0.4886621315192744 0.4511627906976744 0.02040816326530612 0.046511627906976744
0 0.4606009070294785 0.44651162790697674 0.01927437641723356 0.03953488372093023
0 0.43594104308390025 0.4441860465116279 0.01870748299319728 0.04186046511627907
0 0.4135487528344671 0.4383720930232558 0.018140589569160998 0.04186046511627907
0 0.389172335600907 0.43488372093023253 0.015873015873015872 0.044186046511627906
0 0.3664965986394558 0.4325581395348837 0.017573696145124718 0.03953488372093023
0 0.34438775510204084 0.42790697674418604 0.015306122448979591 0.044186046511627906
0 0.3217120181405896 0.42209302325581394 0.016439909297052153 0.04186046511627907
0 0.3217120181405896 0.6918604651162791 0.017573696145124718 0.04186046511627907