0 0.018424036281179137 0.6232558139534884 0.01984126984126984 0.04186046511627907
0 0.3679138321995465 0.7662790697674419 0.01417233560090703 0.08372093023255814
0 0.5238095238095238 0.6813953488372093 0.023242630385487528 0.044186046511627906
0 0.6153628117913832 0.7337209302325581 0.022108843537414966 0.04186046511627907
0 0.20124716553287983 0.44883720930232557 0.020975056689342405 0.046511627906976744
0 0.5943877551020408 0.736046511627907 0.011904761904761904 0.03255813953488372
0 0.2100340136054422 0.5034883720930232 0.01927437641723356 0.046511627906976744
0 0.2060657596371882 0.5616279069767441 0.01984126984126984 0.03953488372093023
0 0.24348072562358278 0.5186046511627908 0.017573696145124718 0.03953488372093023
0 0.23526077097505668 0.5662790697674419 0.022675736961451247 0.05116279069767442
0 0.1116780045351474 0.9546511627906977 0.00963718820861678 0.08837209302325581
0 0.27125850340136054 0.5790697674418605 0.020975056689342405 0.04186046511627907
0 0.3010204081632653 0.5825581395348837 0.017573696145124718 0.03953488372093023
0 0.27380952380952384 0.5174418604651163 0.023242630385487528 0.04186046511627907
0 0.3021541950113379 0.45813953488372094 0.022108843537414966 0.05116279069767442
0 0.358843537414966 0.4744186046511628 0.020975056689342405 0.044186046511627906
0 0.3959750566893424 0.47674418604651164 0.023242630385487528 0.04883720930232558
0 0.42063492063492064 0.4848837209302326 0.015306122448979591 0.03488372093023256
0 0.44982993197278914 0.4848837209302326 0.02040816326530612 0.03953488372093023
0 0.4929138321995465 0.4906976744186046 0.022108843537414966 0.04186046511627907
0 0.689625850340136 0.1325581395348837 0.009070294784580499 0.06976744186046512
0 0.7667233560090703 0.2127906976744186 0.01870748299319728 0.07906976744186046
0 0.6828231292517006 0.786046511627907 0.017573696145124718 0.03953488372093023
0 0.703798185941043 0.7872093023255814 0.01870748299319728 0.03488372093023256
0 0.7290249433106576 0.7883720930232558 0.017006802721088437 0.046511627906976744
0 0.7593537414965986 0.7883720930232558 0.022675736961451247 0.04186046511627907
0 0.7857142857142857 0.7953488372093023 0.02040816326530612 0.037209302325581395
0 0.8078231292517006 0.7988372093023256 0.017573696145124718 0.037209302325581395
0 0.9382086167800453 0.8127906976744186 0.017573696145124718 0.037209302325581395
0 0.9852607709750567 0.49186046511627907 0.017573696145124718 0.037209302325581395
0 0.9631519274376418 0.4883720930232558 0.01984126984126984 0.03953488372093023
0 0.9367913832199547 0.48604651162790696 0.01984126984126984 0.037209302325581395
0 0.9121315192743764 0.4813953488372093 0.017006802721088437 0.037209302325581395
0 0.8874716553287982 0.47674418604651164 0.021541950113378686 0.04883720930232558
0 0.858843537414966 0.4755813953488372 0.017573696145124718 0.037209302325581395
0 0.8302154195011338 0.4720930232558139 0.01984126984126984 0.037209302325581395
0 0.7644557823129252 0.46511627906976744 0.018140589569160998 0.03953488372093023
0 0.6232993197278912 0.45930232558139533 0.01870748299319728 0.037209302325581395
0 0.6043083900226758 0.45930232558139533 0.016439909297052153 0.03953488372093023
0 0.5816326530612245 0.45232558139534884 0.021541950113378686 0.046511627906976744
0 0.5552721088435374 0.45465116279069767 0.02040816326530612 0.03488372093023256
0 0.5345804988662132 0.45 0.013038548752834467 0.03953488372093023
0 0.5130385487528345 0.44651162790697674 0.017006802721088437 0.037209302325581395
0 0.4883786848072562 0.4418604651162791 0.01984126984126984 0.04186046511627907
0 0.4606009070294785 0.436046511627907 0.01870748299319728 0.037209302325581395
0 0.4362244897959184 0.43488372093023253 0.01870748299319728 0.03953488372093023
0 0.41383219954648526 0.4313953488372093 0.018140589569160998 0.03953488372093023
0 0.38945578231292516 0.4290697674418605 0.016439909297052153 0.03953488372093023
0 0.3667800453514739 0.42441860465116277 0.018140589569160998 0.03953488372093023
0 0.3435374149659864 0.4197674418604651 0.015873015873015872 0.04186046511627907
0 0.3217120181405896 0.4174418604651163 0.017006802721088437 0.03953488372093023
0 0.413265306122449 0.686046511627907 0.017573696145124718 0.037209302325581395