0 0.0405328798185941 0.608139534883721 0.01870748299319728 0.04186046511627907
0 0.00935374149659864 0.5918604651162791 0.017573696145124718 0.03488372093023256
0 0.08616780045351474 0.10116279069767442 0.008503401360544218 0.08372093023255814
0 0.47534013605442177 0.6558139534883721 0.01870748299319728 0.04186046511627907
0 0.9404761904761905 0.6581395348837209 0.023242630385487528 0.03953488372093023
0 0.9662698412698413 0.7116279069767442 0.022108843537414966 0.04186046511627907
0 0.19416099773242632 0.42093023255813955 0.02040816326530612 0.037209302325581395
0 0.9452947845804989 0.713953488372093 0.011904761904761904 0.030232558139534883
0 0.19812925170068027 0.47093023255813954 0.01870748299319728 0.03953488372093023
0 0.1927437641723356 0.5325581395348837 0.01927437641723356 0.037209302325581395
0 0.23554421768707484 0.48372093023255813 0.015873015873015872 0.03488372093023256
0 0.22789115646258504 0.5337209302325582 0.022108843537414966 0.03953488372093023
0 0.11139455782312925 0.9348837209302325 0.01020408163265306 0.09069767441860466
0 0.26785714285714285 0.5430232558139535 0.020975056689342405 0.03255813953488372
0 0.30045351473922904 0.5441860465116279 0.017573696145124718 0.037209302325581395
0 0.27012471655328796 0.4813953488372093 0.024376417233560092 0.04186046511627907
0 0.30158730158730157 0.42093023255813955 0.022108843537414966 0.04186046511627907
0 0.3574263038548753 0.43023255813953487 0.020975056689342405 0.037209302325581395
0 0.3959750566893424 0.4325581395348837 0.022675736961451247 0.044186046511627906
0 0.4197845804988662 0.4372093023255814 0.01473922902494331 0.04186046511627907
0 0.44954648526077096 0.436046511627907 0.02040816326530612 0.037209302325581395
0 0.4923469387755102 0.4383720930232558 0.022675736961451247 0.03953488372093023
0 0.6884920634920635 0.05232558139534884 0.01020408163265306 0.07674418604651163
0 0.7658730158730159 0.14651162790697675 0.01870748299319728 0.07674418604651163
0 0.6819727891156463 0.7395348837209302 0.018140589569160998 0.03953488372093023
0 0.7032312925170068 0.7418604651162791 0.018140589569160998 0.037209302325581395
0 0.7284580498866213 0.7441860465116279 0.015873015873015872 0.04186046511627907
0 0.7585034013605442 0.7418604651162791 0.022675736961451247 0.03488372093023256
0 0.7854308390022676 0.7441860465116279 0.01984126984126984 0.037209302325581395
0 0.8072562358276644 0.7476744186046511 0.017006802721088437 0.037209302325581395
0 0.8319160997732427 0.7488372093023256 0.01927437641723356 0.037209302325581395
0 0.9387755102040817 0.7558139534883721 0.016439909297052153 0.03488372093023256
0 0.9597505668934241 0.7569767441860465 0.017006802721088437 0.03488372093023256
0 0.9841269841269841 0.4313953488372093 0.01927437641723356 0.03255813953488372
0 0.9617346938775511 0.42674418604651165 0.01984126984126984 0.03488372093023256
0 0.9356575963718821 0.42441860465116277 0.01984126984126984 0.03488372093023256
0 0.9104308390022676 0.42093023255813955 0.017006802721088437 0.037209302325581395
0 0.8863378684807256 0.42093023255813955 0.022108843537414966 0.037209302325581395
0 0.8577097505668935 0.42093023255813955 0.016439909297052153 0.03488372093023256
0 0.8296485260770975 0.413953488372093 0.01927437641723356 0.037209302325581395
0 0.7633219954648526 0.40348837209302324 0.01870748299319728 0.03255813953488372
0 0.623015873015873 0.4 0.01927437641723356 0.03488372093023256
0 0.6034580498866213 0.4011627906976744 0.017006802721088437 0.03488372093023256
0 0.5810657596371882 0.39767441860465114 0.020975056689342405 0.03953488372093023
0 0.5549886621315193 0.39651162790697675 0.01870748299319728 0.03488372093023256
0 0.5337301587301587 0.3941860465116279 0.012471655328798186 0.03255813953488372
0 0.5119047619047619 0.3918604651162791 0.015873015873015872 0.03255813953488372
0 0.48781179138321995 0.3930232558139535 0.02040816326530612 0.037209302325581395
0 0.45975056689342403 0.38953488372093026 0.01984126984126984 0.030232558139534883
0 0.43565759637188206 0.386046511627907 0.018140589569160998 0.03255813953488372
0 0.41241496598639454 0.3872093023255814 0.017006802721088437 0.030232558139534883
0 0.3888888888888889 0.38488372093023254 0.015873015873015872 0.03255813953488372
0 0.36621315192743764 0.3813953488372093 0.018140589569160998 0.03488372093023256
0 0.34325396825396826 0.37790697674418605 0.015873015873015872 0.03255813953488372
0 0.32086167800453513 0.3767441860465116 0.018140589569160998 0.03255813953488372
0 0.7579365079365079 0.6453488372093024 0.017573696145124718 0.037209302325581395