0 0.017290249433106575 0.6127906976744186 0.01984126984126984 0.03953488372093023
0 0.0858843537414966 0.09302325581395349 0.00963718820861678 0.08604651162790698
0 0.4061791383219955 0.6813953488372093 0.01870748299319728 0.037209302325581395
0 0.7006802721088435 0.663953488372093 0.023809523809523808 0.037209302325581395
0 0.7752267573696145 0.7197674418604652 0.022108843537414966 0.04186046511627907
0 0.20068027210884354 0.4290697674418605 0.021541950113378686 0.04883720930232558
0 0.7542517006802721 0.7186046511627907 0.011337868480725623 0.03255813953488372
0 0.20861678004535147 0.4848837209302326 0.01927437641723356 0.04186046511627907
0 0.2046485260770975 0.5465116279069767 0.01984126984126984 0.037209302325581395
0 0.2423469387755102 0.49883720930232556 0.016439909297052153 0.037209302325581395
0 0.23526077097505668 0.55 0.022675736961451247 0.04186046511627907
0 0.1102607709750567 0.9453488372093023 0.00963718820861678 0.09069767441860466
0 0.2698412698412698 0.5581395348837209 0.02040816326530612 0.037209302325581395
0 0.2998866213151927 0.5616279069767441 0.017573696145124718 0.037209302325581395
0 0.2732426303854875 0.49767441860465117 0.024376417233560092 0.04186046511627907
0 0.3010204081632653 0.4383720930232558 0.021541950113378686 0.046511627906976744
0 0.3574263038548753 0.4511627906976744 0.020975056689342405 0.044186046511627906
0 0.3948412698412698 0.45465116279069767 0.022675736961451247 0.04883720930232558
0 0.41950113378684806 0.4604651162790698 0.01473922902494331 0.04186046511627907
0 0.4489795918367347 0.4604651162790698 0.02040816326530612 0.037209302325581395
0 0.4917800453514739 0.46511627906976744 0.020975056689342405 0.044186046511627906
0 0.6884920634920635 0.09534883720930233 0.00963718820861678 0.07441860465116279
0 0.7655895691609977 0.1813953488372093 0.01870748299319728 0.07906976744186046
0 0.6816893424036281 0.763953488372093 0.018140589569160998 0.03953488372093023
0 0.7029478458049887 0.763953488372093 0.018140589569160998 0.03488372093023256
0 0.7278911564625851 0.7651162790697674 0.015873015873015872 0.04186046511627907
0 0.7582199546485261 0.7651162790697674 0.022675736961451247 0.037209302325581395
0 0.7851473922902494 0.7709302325581395 0.01984126984126984 0.037209302325581395
0 0.8069727891156463 0.7744186046511627 0.017573696145124718 0.03488372093023256
0 0.9379251700680272 0.7848837209302325 0.017006802721088437 0.04186046511627907
0 0.9841269841269841 0.45813953488372094 0.01870748299319728 0.037209302325581395
0 0.9617346938775511 0.4558139534883721 0.02040816326530612 0.03488372093023256
0 0.935374149659864 0.45232558139534884 0.01927437641723356 0.03488372093023256
0 0.9109977324263039 0.44883720930232557 0.017006802721088437 0.037209302325581395
0 0.8863378684807256 0.44651162790697674 0.022108843537414966 0.044186046511627906
0 0.8574263038548753 0.4441860465116279 0.017006802721088437 0.03488372093023256
0 0.8293650793650794 0.44069767441860463 0.01984126984126984 0.03953488372093023
0 0.7633219954648526 0.43488372093023253 0.01870748299319728 0.03488372093023256
0 0.6227324263038548 0.43023255813953487 0.01870748299319728 0.03255813953488372
0 0.6034580498866213 0.4325581395348837 0.016439909297052153 0.037209302325581395
0 0.5804988662131519 0.4255813953488372 0.020975056689342405 0.044186046511627906
0 0.5547052154195011 0.4255813953488372 0.01984126984126984 0.03488372093023256
0 0.5334467120181405 0.42209302325581394 0.013038548752834467 0.03488372093023256
0 0.5116213151927438 0.4186046511627907 0.017006802721088437 0.03255813953488372
0 0.4872448979591837 0.4174418604651163 0.02040816326530612 0.037209302325581395
0 0.4594671201814059 0.413953488372093 0.01984126984126984 0.03488372093023256
0 0.4350907029478458 0.40930232558139534 0.018140589569160998 0.037209302325581395
0 0.4126984126984127 0.40813953488372096 0.017573696145124718 0.037209302325581395
0 0.38860544217687076 0.40581395348837207 0.015873015873015872 0.037209302325581395
0 0.3656462585034014 0.40348837209302324 0.018140589569160998 0.03488372093023256
0 0.342687074829932 0.39767441860465114 0.015873015873015872 0.03488372093023256
0 0.32029478458049887 0.3953488372093023 0.01870748299319728 0.03488372093023256
0 0.5683106575963719 0.6662790697674419 0.017573696145124718 0.03953488372093023