0 0.0195578231292517 0.6302325581395349 0.01927437641723356 0.044186046511627906
0 0.3647959183673469 0.8430232558139535 0.00963718820861678 0.08139534883720931
0 0.3922902494331066 0.7 0.022675736961451247 0.04883720930232558
0 0.48894557823129253 0.7441860465116279 0.022108843537414966 0.053488372093023255
0 0.20209750566893425 0.4627906976744186 0.022675736961451247 0.04883720930232558
0 0.46825396825396826 0.7418604651162791 0.012471655328798186 0.04186046511627907
0 0.2108843537414966 0.5209302325581395 0.018140589569160998 0.046511627906976744
0 0.20748299319727892 0.5767441860465117 0.02040816326530612 0.04883720930232558
0 0.2443310657596372 0.5348837209302325 0.017006802721088437 0.044186046511627906
0 0.2372448979591837 0.5837209302325581 0.022675736961451247 0.05581395348837209
0 0.11252834467120182 0.9604651162790697 0.009070294784580499 0.07674418604651163
0 0.2718253968253968 0.5965116279069768 0.020975056689342405 0.044186046511627906
0 0.3018707482993197 0.6 0.017573696145124718 0.044186046511627906
0 0.2743764172335601 0.5348837209302325 0.023242630385487528 0.046511627906976744
0 0.30272108843537415 0.4755813953488372 0.021541950113378686 0.05813953488372093
0 0.35912698412698413 0.49534883720930234 0.020975056689342405 0.044186046511627906
0 0.397108843537415 0.49883720930232556 0.023242630385487528 0.053488372093023255
0 0.42063492063492064 0.5058139534883721 0.015873015873015872 0.03953488372093023
0 0.45068027210884354 0.5069767441860465 0.02040816326530612 0.03953488372093023
0 0.4937641723356009 0.5127906976744186 0.022675736961451247 0.046511627906976744
0 0.6907596371882087 0.16511627906976745 0.009070294784580499 0.06976744186046512
0 0.7672902494331065 0.24302325581395348 0.018140589569160998 0.07674418604651163
0 0.683390022675737 0.8058139534883721 0.017573696145124718 0.04186046511627907
0 0.7040816326530612 0.8069767441860465 0.018140589569160998 0.03953488372093023
0 0.7295918367346939 0.8081395348837209 0.016439909297052153 0.046511627906976744
0 0.7596371882086168 0.8093023255813954 0.022675736961451247 0.046511627906976744
0 0.7865646258503401 0.8151162790697675 0.020975056689342405 0.04186046511627907
0 0.8086734693877551 0.8209302325581396 0.017006802721088437 0.04186046511627907
0 0.985827664399093 0.5209302325581395 0.01870748299319728 0.04186046511627907
0 0.963718820861678 0.5151162790697674 0.02040816326530612 0.044186046511627906
0 0.9370748299319728 0.5127906976744186 0.01870748299319728 0.04186046511627907
0 0.9124149659863946 0.5104651162790698 0.017006802721088437 0.04186046511627907
0 0.8883219954648526 0.5034883720930232 0.021541950113378686 0.05116279069767442
0 0.8596938775510204 0.5011627906976744 0.017573696145124718 0.03953488372093023
0 0.8313492063492064 0.49883720930232556 0.02040816326530612 0.04186046511627907
0 0.7647392290249433 0.4883720930232558 0.018140589569160998 0.044186046511627906
0 0.6241496598639455 0.48372093023255813 0.01870748299319728 0.03953488372093023
0 0.6051587301587301 0.4813953488372093 0.016439909297052153 0.04186046511627907
0 0.5824829931972789 0.4755813953488372 0.021541950113378686 0.05116279069767442
0 0.55640589569161 0.4790697674418605 0.02040816326530612 0.037209302325581395
0 0.5357142857142857 0.4720930232558139 0.013038548752834467 0.03953488372093023
0 0.5138888888888888 0.46744186046511627 0.017006802721088437 0.03953488372093023
0 0.48922902494331066 0.46395348837209305 0.02040816326530612 0.04883720930232558
0 0.461734693877551 0.4604651162790698 0.01870748299319728 0.03953488372093023
0 0.43679138321995464 0.4569767441860465 0.01927437641723356 0.04186046511627907
0 0.4146825396825397 0.45232558139534884 0.017573696145124718 0.044186046511627906
0 0.3900226757369615 0.44883720930232557 0.015873015873015872 0.044186046511627906
0 0.36763038548752835 0.4441860465116279 0.017573696145124718 0.04186046511627907
0 0.34467120181405897 0.44069767441860463 0.015873015873015872 0.044186046511627906
0 0.32227891156462585 0.436046511627907 0.017006802721088437 0.03953488372093023
0 0.30045351473922904 0.7034883720930233 0.017573696145124718 0.044186046511627906