0 0.01870748299319728 0.6313953488372093 0.01927437641723356 0.044186046511627906
0 0.36422902494331066 0.8244186046511628 0.010770975056689343 0.07906976744186046
0 0.44302721088435376 0.6953488372093023 0.022675736961451247 0.044186046511627906
0 0.5379818594104309 0.7441860465116279 0.022108843537414966 0.046511627906976744
0 0.2018140589569161 0.4604651162790698 0.022675736961451247 0.046511627906976744
0 0.5172902494331065 0.7453488372093023 0.011337868480725623 0.03255813953488372
0 0.20975056689342403 0.5186046511627908 0.01870748299319728 0.046511627906976744
0 0.20634920634920634 0.5732558139534883 0.01984126984126984 0.046511627906976744
0 0.24348072562358278 0.5337209302325582 0.017573696145124718 0.04186046511627907
0 0.2361111111111111 0.5802325581395349 0.022675736961451247 0.05581395348837209
0 0.11196145124716553 0.9593023255813954 0.009070294784580499 0.07674418604651163
0 0.2709750566893424 0.5930232558139535 0.021541950113378686 0.044186046511627906
0 0.3010204081632653 0.5965116279069768 0.018140589569160998 0.04186046511627907
0 0.27352607709750565 0.5325581395348837 0.022108843537414966 0.044186046511627906
0 0.302437641723356 0.47325581395348837 0.021541950113378686 0.053488372093023255
0 0.35856009070294786 0.4906976744186046 0.020975056689342405 0.04186046511627907
0 0.39625850340136054 0.4930232558139535 0.022675736961451247 0.04883720930232558
0 0.4203514739229025 0.5 0.01417233560090703 0.03488372093023256
0 0.4501133786848073 0.5023255813953489 0.02040816326530612 0.04186046511627907
0 0.4929138321995465 0.5069767441860465 0.021541950113378686 0.044186046511627906
0 0.6899092970521542 0.1569767441860465 0.008503401360544218 0.06744186046511629
0 0.7664399092970522 0.23488372093023255 0.01870748299319728 0.07674418604651163
0 0.6831065759637188 0.8034883720930233 0.017573696145124718 0.044186046511627906
0 0.703798185941043 0.8023255813953488 0.01870748299319728 0.03953488372093023
0 0.7290249433106576 0.8046511627906977 0.015873015873015872 0.04186046511627907
0 0.7590702947845805 0.8058139534883721 0.023242630385487528 0.04186046511627907
0 0.7857142857142857 0.8127906976744186 0.021541950113378686 0.044186046511627906
0 0.8081065759637188 0.8174418604651162 0.017006802721088437 0.03953488372093023
0 0.9367913832199547 0.8325581395348837 0.02040816326530612 0.03953488372093023
0 0.9849773242630385 0.513953488372093 0.018140589569160998 0.04186046511627907
0 0.9628684807256236 0.5093023255813953 0.01984126984126984 0.044186046511627906
0 0.9367913832199547 0.5069767441860465 0.01927437641723356 0.03953488372093023
0 0.9118480725623582 0.5023255813953489 0.017006802721088437 0.03953488372093023
0 0.8877551020408163 0.49883720930232556 0.021541950113378686 0.053488372093023255
0 0.858843537414966 0.49534883720930234 0.017573696145124718 0.03953488372093023
0 0.8304988662131519 0.4941860465116279 0.02040816326530612 0.044186046511627906
0 0.7647392290249433 0.48372093023255813 0.01870748299319728 0.04186046511627907
0 0.6235827664399093 0.47790697674418603 0.01870748299319728 0.04186046511627907
0 0.6045918367346939 0.47790697674418603 0.015873015873015872 0.04186046511627907
0 0.5816326530612245 0.4697674418604651 0.020975056689342405 0.04883720930232558
0 0.5555555555555556 0.4744186046511628 0.020975056689342405 0.04186046511627907
0 0.5348639455782312 0.46744186046511627 0.013038548752834467 0.04186046511627907
0 0.5127551020408163 0.4627906976744186 0.017006802721088437 0.037209302325581395
0 0.48894557823129253 0.45930232558139533 0.01984126984126984 0.044186046511627906
0 0.46116780045351474 0.4558139534883721 0.01984126984126984 0.03953488372093023
0 0.4362244897959184 0.4511627906976744 0.01870748299319728 0.04186046511627907
0 0.41383219954648526 0.4476744186046512 0.017573696145124718 0.044186046511627906
0 0.389172335600907 0.44534883720930235 0.015873015873015872 0.04186046511627907
0 0.36706349206349204 0.44069767441860463 0.017573696145124718 0.03953488372093023
0 0.34410430839002265 0.4372093023255814 0.015873015873015872 0.03953488372093023
0 0.32142857142857145 0.4325581395348837 0.017006802721088437 0.03953488372093023
0 0.3438208616780045 0.7046511627906977 0.018140589569160998 0.04186046511627907