0 0.01870748299319728 0.6046511627906976 0.01927437641723356 0.04186046511627907
0 0.0858843537414966 0.09302325581395349 0.009070294784580499 0.08604651162790698
0 0.43594104308390025 0.6732558139534883 0.018140589569160998 0.037209302325581395
0 0.7976190476190477 0.6604651162790698 0.023242630385487528 0.03953488372093023
0 0.854875283446712 0.7151162790697675 0.022675736961451247 0.04186046511627907
0 0.19926303854875282 0.4197674418604651 0.02040816326530612 0.046511627906976744
0 0.8344671201814059 0.7151162790697675 0.011904761904761904 0.03255813953488372
0 0.20833333333333334 0.47325581395348837 0.01927437641723356 0.04186046511627907
0 0.2032312925170068 0.5337209302325582 0.01984126984126984 0.037209302325581395
0 0.24206349206349206 0.48604651162790696 0.017006802721088437 0.03488372093023256
0 0.23412698412698413 0.5372093023255814 0.021541950113378686 0.044186046511627906
0 0.11054421768707483 0.9337209302325581 0.009070294784580499 0.08837209302325581
0 0.2698412698412698 0.5441860465116279 0.020975056689342405 0.037209302325581395
0 0.2996031746031746 0.5476744186046512 0.017006802721088437 0.03488372093023256
0 0.2723922902494331 0.4848837209302326 0.023242630385487528 0.04186046511627907
0 0.3010204081632653 0.42441860465116277 0.020975056689342405 0.04186046511627907
0 0.35714285714285715 0.44302325581395346 0.02040816326530612 0.037209302325581395
0 0.39427437641723356 0.44651162790697674 0.022675736961451247 0.046511627906976744
0 0.41865079365079366 0.4511627906976744 0.01473922902494331 0.03953488372093023
0 0.44841269841269843 0.4511627906976744 0.01984126984126984 0.03953488372093023
0 0.49121315192743764 0.45232558139534884 0.021541950113378686 0.03953488372093023
0 0.6882086167800453 0.07790697674418605 0.00963718820861678 0.07209302325581396
0 0.7650226757369615 0.16744186046511628 0.01870748299319728 0.07906976744186046
0 0.6811224489795918 0.7546511627906977 0.018140589569160998 0.037209302325581395
0 0.7026643990929705 0.7546511627906977 0.018140589569160998 0.037209302325581395
0 0.7276077097505669 0.7581395348837209 0.016439909297052153 0.03953488372093023
0 0.7573696145124716 0.7581395348837209 0.023242630385487528 0.037209302325581395
0 0.7845804988662132 0.7593023255813953 0.02040816326530612 0.037209302325581395
0 0.80640589569161 0.763953488372093 0.017573696145124718 0.037209302325581395
0 0.937358276643991 0.772093023255814 0.017573696145124718 0.03953488372093023
0 0.9594671201814059 0.7732558139534884 0.015873015873015872 0.03488372093023256
0 0.9835600907029478 0.4441860465116279 0.01870748299319728 0.03488372093023256
0 0.9614512471655329 0.44069767441860463 0.01984126984126984 0.03488372093023256
0 0.9350907029478458 0.4383720930232558 0.01984126984126984 0.03488372093023256
0 0.9101473922902494 0.43488372093023253 0.017573696145124718 0.037209302325581395
0 0.8857709750566893 0.4313953488372093 0.022108843537414966 0.03953488372093023
0 0.856859410430839 0.4313953488372093 0.015873015873015872 0.03488372093023256
0 0.828798185941043 0.42790697674418604 0.02040816326530612 0.037209302325581395
0 0.7627551020408163 0.4232558139534884 0.018140589569160998 0.03488372093023256
0 0.6218820861678005 0.4197674418604651 0.01870748299319728 0.03255813953488372
0 0.6028911564625851 0.4197674418604651 0.017006802721088437 0.03488372093023256
0 0.5802154195011338 0.413953488372093 0.020975056689342405 0.04186046511627907
0 0.5538548752834467 0.41511627906976745 0.01984126984126984 0.03488372093023256
0 0.5328798185941043 0.4104651162790698 0.012471655328798186 0.03488372093023256
0 0.5110544217687075 0.40813953488372096 0.016439909297052153 0.03255813953488372
0 0.48696145124716556 0.40813953488372096 0.01984126984126984 0.03488372093023256
0 0.45890022675736963 0.4046511627906977 0.01927437641723356 0.03488372093023256
0 0.43480725623582767 0.4011627906976744 0.01870748299319728 0.03488372093023256
0 0.4118480725623583 0.4 0.017006802721088437 0.03488372093023256
0 0.38832199546485263 0.39767441860465114 0.016439909297052153 0.037209302325581395
0 0.36536281179138325 0.3953488372093023 0.018140589569160998 0.037209302325581395
0 0.34183673469387754 0.38953488372093026 0.01473922902494331 0.03488372093023256
0 0.32001133786848074 0.3872093023255814 0.018140589569160998 0.03488372093023256
0 0.6513605442176871 0.6581395348837209 0.017573696145124718 0.037209302325581395