0 0.02239229024943311 0.6093023255813953 0.01984126984126984 0.03953488372093023
0 0.08645124716553287 0.1 0.009070294784580499 0.08372093023255814
0 0.4478458049886621 0.6686046511627907 0.01870748299319728 0.037209302325581395
0 0.8327664399092971 0.6627906976744186 0.023242630385487528 0.03953488372093023
0 0.8826530612244898 0.7174418604651163 0.022108843537414966 0.03953488372093023
0 0.19982993197278912 0.4232558139534884 0.02040816326530612 0.046511627906976744
0 0.8625283446712018 0.7162790697674418 0.011904761904761904 0.03255813953488372
0 0.20861678004535147 0.47674418604651164 0.01927437641723356 0.04186046511627907
0 0.20266439909297052 0.5383720930232558 0.01927437641723356 0.037209302325581395
0 0.24206349206349206 0.4906976744186046 0.016439909297052153 0.03488372093023256
0 0.233843537414966 0.5406976744186046 0.022675736961451247 0.044186046511627906
0 0.11139455782312925 0.9383720930232559 0.00963718820861678 0.09069767441860466
0 0.27040816326530615 0.5476744186046512 0.021541950113378686 0.037209302325581395
0 0.30017006802721086 0.55 0.017006802721088437 0.03488372093023256
0 0.2729591836734694 0.4872093023255814 0.022675736961451247 0.04186046511627907
0 0.30158730158730157 0.42790697674418604 0.022108843537414966 0.044186046511627906
0 0.35799319727891155 0.4372093023255814 0.02040816326530612 0.04186046511627907
0 0.3956916099773243 0.4418604651162791 0.023809523809523808 0.046511627906976744
0 0.4197845804988662 0.44534883720930235 0.01473922902494331 0.04186046511627907
0 0.4492630385487528 0.44651162790697674 0.01984126984126984 0.03953488372093023
0 0.49263038548752835 0.44883720930232557 0.022108843537414966 0.03953488372093023
0 0.6884920634920635 0.07674418604651163 0.00963718820861678 0.07441860465116279
0 0.7653061224489796 0.16627906976744186 0.01870748299319728 0.07674418604651163
0 0.6816893424036281 0.7558139534883721 0.018140589569160998 0.037209302325581395
0 0.7032312925170068 0.7558139534883721 0.01870748299319728 0.03953488372093023
0 0.7281746031746031 0.7581395348837209 0.016439909297052153 0.037209302325581395
0 0.7585034013605442 0.7581395348837209 0.022675736961451247 0.037209302325581395
0 0.7851473922902494 0.7593023255813953 0.02040816326530612 0.03953488372093023
0 0.8069727891156463 0.763953488372093 0.017573696145124718 0.037209302325581395
0 0.9379251700680272 0.7732558139534884 0.017573696145124718 0.037209302325581395
0 0.9597505668934241 0.7744186046511627 0.015873015873015872 0.03488372093023256
0 0.9841269841269841 0.44302325581395346 0.01927437641723356 0.03255813953488372
0 0.9620181405895691 0.43953488372093025 0.02040816326530612 0.037209302325581395
0 0.9359410430839002 0.436046511627907 0.01984126984126984 0.03488372093023256
0 0.9107142857142857 0.43372093023255814 0.017006802721088437 0.037209302325581395
0 0.8866213151927438 0.4325581395348837 0.022675736961451247 0.03953488372093023
0 0.8577097505668935 0.4325581395348837 0.017006802721088437 0.03488372093023256
0 0.8290816326530612 0.42790697674418604 0.01927437641723356 0.037209302325581395
0 0.7633219954648526 0.4232558139534884 0.018140589569160998 0.03255813953488372
0 0.6227324263038548 0.4174418604651163 0.01927437641723356 0.030232558139534883
0 0.6031746031746031 0.4186046511627907 0.015873015873015872 0.03488372093023256
0 0.5804988662131519 0.41511627906976745 0.020975056689342405 0.03953488372093023
0 0.5552721088435374 0.40930232558139534 0.01927437641723356 0.03488372093023256
0 0.5337301587301587 0.4046511627906977 0.012471655328798186 0.03255813953488372
0 0.51218820861678 0.4011627906976744 0.016439909297052153 0.03255813953488372
0 0.48781179138321995 0.4011627906976744 0.02040816326530612 0.037209302325581395
0 0.45975056689342403 0.39767441860465114 0.01927437641723356 0.03488372093023256
0 0.43565759637188206 0.3953488372093023 0.018140589569160998 0.037209302325581395
0 0.41241496598639454 0.3953488372093023 0.016439909297052153 0.03488372093023256
0 0.389172335600907 0.3930232558139535 0.016439909297052153 0.03488372093023256
0 0.3664965986394558 0.39069767441860465 0.01870748299319728 0.03488372093023256
0 0.3429705215419501 0.38488372093023254 0.015306122448979591 0.03255813953488372
0 0.320578231292517 0.38488372093023254 0.018140589569160998 0.03255813953488372
0 0.6791383219954649 0.6593023255813953 0.017006802721088437 0.037209302325581395