0 0.01984126984126984 0.6337209302325582 0.01984126984126984 0.046511627906976744
0 0.36507936507936506 0.9127906976744186 0.013605442176870748 0.07209302325581396
0 0.27494331065759636 0.7093023255813954 0.023809523809523808 0.05116279069767442
0 0.37443310657596374 0.7569767441860465 0.022675736961451247 0.05581395348837209
0 0.20294784580498867 0.47093023255813954 0.023809523809523808 0.046511627906976744
0 0.3540249433106576 0.7593023255813953 0.013038548752834467 0.04186046511627907
0 0.21173469387755103 0.5279069767441861 0.01870748299319728 0.04883720930232558
0 0.20776643990929705 0.5848837209302326 0.01870748299319728 0.04883720930232558
0 0.24518140589569162 0.5441860465116279 0.016439909297052153 0.044186046511627906
0 0.23781179138321995 0.5918604651162791 0.023809523809523808 0.05813953488372093
0 0.2723922902494331 0.6046511627906976 0.020975056689342405 0.04883720930232558
0 0.302437641723356 0.6151162790697674 0.017573696145124718 0.04186046511627907
0 0.2752267573696145 0.5465116279069767 0.023242630385487528 0.044186046511627906
0 0.30413832199546487 0.4883720930232558 0.020975056689342405 0.05581395348837209
0 0.3596938775510204 0.5081395348837209 0.02040816326530612 0.044186046511627906
0 0.39767573696145125 0.5116279069767442 0.022108843537414966 0.053488372093023255
0 0.4217687074829932 0.5151162790697674 0.015306122448979591 0.04186046511627907
0 0.4518140589569161 0.5197674418604651 0.020975056689342405 0.044186046511627906
0 0.49461451247165533 0.5267441860465116 0.022108843537414966 0.046511627906976744
0 0.6918934240362812 0.1883720930232558 0.00963718820861678 0.06976744186046512
0 0.7675736961451247 0.26395348837209304 0.018140589569160998 0.07674418604651163
0 0.6836734693877551 0.8174418604651162 0.018140589569160998 0.046511627906976744
0 0.7052154195011338 0.8209302325581396 0.018140589569160998 0.04186046511627907
0 0.7301587301587301 0.8220930232558139 0.016439909297052153 0.04186046511627907
0 0.7604875283446711 0.8220930232558139 0.022108843537414966 0.044186046511627906
0 0.7871315192743764 0.8290697674418605 0.02040816326530612 0.04186046511627907
0 0.8092403628117913 0.836046511627907 0.017006802721088437 0.04186046511627907
0 0.9866780045351474 0.5406976744186046 0.018140589569160998 0.044186046511627906
0 0.9642857142857143 0.5372093023255814 0.01984126984126984 0.046511627906976744
0 0.937641723356009 0.5325581395348837 0.01927437641723356 0.04186046511627907
0 0.9132653061224489 0.5290697674418605 0.016439909297052153 0.046511627906976744
0 0.8883219954648526 0.522093023255814 0.021541950113378686 0.05813953488372093
0 0.8599773242630385 0.522093023255814 0.017006802721088437 0.04186046511627907
0 0.8316326530612245 0.5186046511627908 0.01984126984126984 0.04186046511627907
0 0.7658730158730159 0.5069767441860465 0.01870748299319728 0.044186046511627906
0 0.6252834467120182 0.5 0.01927437641723356 0.03953488372093023
0 0.6057256235827665 0.5 0.016439909297052153 0.04186046511627907
0 0.5830498866213152 0.49186046511627907 0.020975056689342405 0.053488372093023255
0 0.5572562358276644 0.4965116279069767 0.01984126984126984 0.037209302325581395
0 0.5359977324263039 0.4883720930232558 0.01417233560090703 0.04186046511627907
0 0.5144557823129252 0.4848837209302326 0.016439909297052153 0.04186046511627907
0 0.49036281179138325 0.4790697674418605 0.02040816326530612 0.046511627906976744
0 0.46258503401360546 0.47325581395348837 0.01927437641723356 0.044186046511627906
0 0.43820861678004536 0.4720930232558139 0.018140589569160998 0.04186046511627907
0 0.41496598639455784 0.4662790697674419 0.017006802721088437 0.044186046511627906
0 0.391156462585034 0.46162790697674416 0.015873015873015872 0.04186046511627907
0 0.3681972789115646 0.4569767441860465 0.017573696145124718 0.04186046511627907
0 0.34552154195011336 0.45348837209302323 0.015873015873015872 0.044186046511627906
0 0.32341269841269843 0.44651162790697674 0.017573696145124718 0.044186046511627906
0 0.19954648526077098 0.6965116279069767 0.018140589569160998 0.05116279069767442