0 0.017006802721088437 0.6151162790697674 0.01927437641723356 0.04186046511627907
0 0.08560090702947845 0.1 0.008503401360544218 0.08604651162790698
0 0.4155328798185941 0.6802325581395349 0.01870748299319728 0.037209302325581395
0 0.7324263038548753 0.6674418604651163 0.022108843537414966 0.03953488372093023
0 0.8015873015873016 0.7220930232558139 0.021541950113378686 0.03953488372093023
0 0.19954648526077098 0.4325581395348837 0.01984126984126984 0.046511627906976744
0 0.7811791383219955 0.7220930232558139 0.011904761904761904 0.03255813953488372
0 0.20833333333333334 0.4872093023255814 0.01870748299319728 0.04186046511627907
0 0.2046485260770975 0.5476744186046512 0.01984126984126984 0.037209302325581395
0 0.24206349206349206 0.5 0.016439909297052153 0.03488372093023256
0 0.23412698412698413 0.5511627906976744 0.020975056689342405 0.04186046511627907
0 0.1102607709750567 0.9465116279069767 0.009070294784580499 0.09069767441860466
0 0.2695578231292517 0.5593023255813954 0.020975056689342405 0.037209302325581395
0 0.2996031746031746 0.563953488372093 0.017573696145124718 0.03488372093023256
0 0.27267573696145125 0.5 0.023809523809523808 0.04186046511627907
0 0.3007369614512472 0.4372093023255814 0.020975056689342405 0.044186046511627906
0 0.3565759637188209 0.45232558139534884 0.02040816326530612 0.04186046511627907
0 0.3948412698412698 0.4569767441860465 0.022675736961451247 0.044186046511627906
0 0.41865079365079366 0.4604651162790698 0.01473922902494331 0.03953488372093023
0 0.4489795918367347 0.4604651162790698 0.01984126984126984 0.037209302325581395
0 0.4917800453514739 0.46395348837209305 0.021541950113378686 0.03953488372093023
0 0.6882086167800453 0.09302325581395349 0.00963718820861678 0.07441860465116279
0 0.7650226757369615 0.17906976744186046 0.01870748299319728 0.07674418604651163
0 0.6811224489795918 0.763953488372093 0.018140589569160998 0.037209302325581395
0 0.7026643990929705 0.7651162790697674 0.01870748299319728 0.037209302325581395
0 0.7276077097505669 0.7662790697674419 0.015873015873015872 0.037209302325581395
0 0.7576530612244898 0.7651162790697674 0.022108843537414966 0.03255813953488372
0 0.7848639455782312 0.7697674418604651 0.02040816326530612 0.037209302325581395
0 0.8066893424036281 0.7744186046511627 0.017573696145124718 0.037209302325581395
0 0.9370748299319728 0.7848837209302325 0.018140589569160998 0.03953488372093023
0 0.9600340136054422 0.7848837209302325 0.015306122448979591 0.03488372093023256
0 0.983843537414966 0.4569767441860465 0.01870748299319728 0.037209302325581395
0 0.9614512471655329 0.45348837209302323 0.01984126984126984 0.03488372093023256
0 0.935374149659864 0.4511627906976744 0.01927437641723356 0.03488372093023256
0 0.9107142857142857 0.44651162790697674 0.016439909297052153 0.03488372093023256
0 0.8860544217687075 0.4441860465116279 0.021541950113378686 0.04186046511627907
0 0.8571428571428571 0.44302325581395346 0.016439909297052153 0.03488372093023256
0 0.8290816326530612 0.4383720930232558 0.01984126984126984 0.037209302325581395
0 0.7624716553287982 0.43372093023255814 0.01870748299319728 0.03255813953488372
0 0.6227324263038548 0.4290697674418605 0.01927437641723356 0.03255813953488372
0 0.6031746031746031 0.43023255813953487 0.017006802721088437 0.03488372093023256
0 0.5802154195011338 0.4255813953488372 0.021541950113378686 0.04186046511627907
0 0.5547052154195011 0.42674418604651165 0.01984126984126984 0.037209302325581395
0 0.5331632653061225 0.42209302325581394 0.012471655328798186 0.03488372093023256
0 0.5119047619047619 0.4174418604651163 0.017006802721088437 0.037209302325581395
0 0.48696145124716556 0.4174418604651163 0.02040816326530612 0.037209302325581395
0 0.45918367346938777 0.413953488372093 0.02040816326530612 0.03488372093023256
0 0.43480725623582767 0.40930232558139534 0.01870748299319728 0.03488372093023256
0 0.4121315192743764 0.40930232558139534 0.017006802721088437 0.03488372093023256
0 0.38832199546485263 0.40581395348837207 0.015873015873015872 0.03953488372093023
0 0.3656462585034014 0.40232558139534885 0.017573696145124718 0.037209302325581395
0 0.342687074829932 0.39767441860465114 0.015873015873015872 0.037209302325581395
0 0.32029478458049887 0.39651162790697675 0.01870748299319728 0.03488372093023256
0 0.5960884353741497 0.6662790697674419 0.017573696145124718 0.03953488372093023