0 0.018424036281179137 0.6197674418604651 0.01984126984126984 0.04186046511627907
0 0.08701814058956917 0.09186046511627907 0.009070294784580499 0.08837209302325581
0 0.39880952380952384 0.6906976744186046 0.01870748299319728 0.044186046511627906
0 0.6706349206349206 0.6732558139534883 0.023242630385487528 0.03953488372093023
0 0.7497165532879818 0.7290697674418605 0.022108843537414966 0.04186046511627907
0 0.20209750566893425 0.43953488372093025 0.022108843537414966 0.046511627906976744
0 0.7290249433106576 0.727906976744186 0.011904761904761904 0.03255813953488372
0 0.2100340136054422 0.4930232558139535 0.01984126984126984 0.044186046511627906
0 0.20634920634920634 0.5546511627906977 0.01984126984126984 0.03953488372093023
0 0.24319727891156462 0.5093023255813953 0.016439909297052153 0.037209302325581395
0 0.23582766439909297 0.5581395348837209 0.022675736961451247 0.044186046511627906
0 0.1116780045351474 0.9511627906976744 0.00963718820861678 0.09069767441860466
0 0.27125850340136054 0.5674418604651162 0.020975056689342405 0.037209302325581395
0 0.3010204081632653 0.5709302325581396 0.018140589569160998 0.037209302325581395
0 0.27352607709750565 0.5081395348837209 0.022675736961451247 0.04186046511627907
0 0.302437641723356 0.4476744186046512 0.021541950113378686 0.046511627906976744
0 0.35856009070294786 0.46162790697674416 0.02040816326530612 0.04186046511627907
0 0.39625850340136054 0.4627906976744186 0.022675736961451247 0.04883720930232558
0 0.4203514739229025 0.4697674418604651 0.015306122448979591 0.03953488372093023
0 0.4501133786848073 0.4697674418604651 0.02040816326530612 0.03953488372093023
0 0.49348072562358275 0.4744186046511628 0.021541950113378686 0.04186046511627907
0 0.689625850340136 0.10697674418604651 0.01020408163265306 0.07441860465116279
0 0.7664399092970522 0.19186046511627908 0.01870748299319728 0.07674418604651163
0 0.6828231292517006 0.772093023255814 0.018140589569160998 0.03953488372093023
0 0.7043650793650794 0.7732558139534884 0.01870748299319728 0.03488372093023256
0 0.7290249433106576 0.7755813953488372 0.016439909297052153 0.037209302325581395
0 0.7596371882086168 0.7755813953488372 0.022675736961451247 0.03953488372093023
0 0.7859977324263039 0.7790697674418605 0.02040816326530612 0.037209302325581395
0 0.8081065759637188 0.7837209302325582 0.017573696145124718 0.037209302325581395
0 0.9387755102040817 0.7941860465116279 0.018140589569160998 0.04186046511627907
0 0.9849773242630385 0.4697674418604651 0.018140589569160998 0.03953488372093023
0 0.9631519274376418 0.46744186046511627 0.01984126984126984 0.03488372093023256
0 0.9367913832199547 0.4627906976744186 0.01870748299319728 0.03488372093023256
0 0.9121315192743764 0.45813953488372094 0.017006802721088437 0.037209302325581395
0 0.8874716553287982 0.4558139534883721 0.022108843537414966 0.046511627906976744
0 0.8585600907029478 0.45465116279069767 0.016439909297052153 0.03488372093023256
0 0.8304988662131519 0.4511627906976744 0.02040816326530612 0.03953488372093023
0 0.764172335600907 0.44534883720930235 0.01870748299319728 0.03488372093023256
0 0.6235827664399093 0.43953488372093025 0.01927437641723356 0.03255813953488372
0 0.6045918367346939 0.43953488372093025 0.016439909297052153 0.03255813953488372
0 0.5816326530612245 0.436046511627907 0.02040816326530612 0.044186046511627906
0 0.5561224489795918 0.436046511627907 0.01984126984126984 0.03953488372093023
0 0.534297052154195 0.4313953488372093 0.012471655328798186 0.03488372093023256
0 0.5127551020408163 0.4290697674418605 0.016439909297052153 0.03488372093023256
0 0.4886621315192744 0.42790697674418604 0.02040816326530612 0.03488372093023256
0 0.4606009070294785 0.4232558139534884 0.01870748299319728 0.03488372093023256
0 0.4365079365079365 0.4197674418604651 0.01927437641723356 0.037209302325581395
0 0.41383219954648526 0.4174418604651163 0.017573696145124718 0.037209302325581395
0 0.3900226757369615 0.41511627906976745 0.016439909297052153 0.03953488372093023
0 0.36706349206349204 0.4116279069767442 0.01870748299319728 0.03953488372093023
0 0.3438208616780045 0.4069767441860465 0.015306122448979591 0.03488372093023256
0 0.3217120181405896 0.40348837209302324 0.018140589569160998 0.03488372093023256
0 0.5425170068027211 0.6732558139534883 0.017573696145124718 0.04186046511627907