0 0.3793859649122807 0.5694698354661791 0.05263157894736842 0.04936014625228519
0 0.05847953216374269 0.6956124314442413 0.05555555555555555 0.04753199268738574
0 0.1922514619883041 0.6773308957952467 0.05555555555555555 0.04936014625228519
0 0.6542397660818714 0.3583180987202925 0.06432748538011696 0.056672760511883
0 0.8062865497076024 0.3619744058500914 0.059941520467836254 0.056672760511883
0 0.38669590643274854 0.40219378427787933 0.05263157894736842 0.03290676416819013
0 0.2580409356725146 0.26691042047531993 0.04824561403508772 0.07678244972577697
0 0.21271929824561403 0.16727605118829983 0.039473684210526314 0.06764168190127971
0 0.24926900584795322 0.0356489945155393 0.04239766081871345 0.06581352833638025
0 0.06725146198830409 0.03016453382084095 0.05847953216374269 0.04936014625228519
0 0.20906432748538012 0.2861060329067642 0.03070175438596491 0.04753199268738574
0 0.15204678362573099 0.12522851919561243 0.03508771929824561 0.054844606946983544
0 0.5504385964912281 0.08135283363802559 0.05555555555555555 0.03473491773308958
0 0.6527777777777778 0.07678244972577697 0.05263157894736842 0.03290676416819013
0 0.1739766081871345 0.973491773308958 0.05263157894736842 0.03473491773308958
0 0.5394736842105263 0.823583180987203 0.05116959064327485 0.0603290676416819
0 0.5847953216374269 0.8747714808043876 0.05701754385964912 0.06764168190127971
0 0.6330409356725146 0.9241316270566727 0.05701754385964912 0.06398537477148081
0 0.6849415204678363 0.9680073126142597 0.054093567251461985 0.0603290676416819
0 0.8881578947368421 0.4570383912248629 0.03070175438596491 0.06581352833638025
0 0.875 0.5685557586837294 0.033625730994152045 0.07495429616087751
0 0.8691520467836257 0.6608775137111518 0.033625730994152045 0.06398537477148081
0 0.8464912280701754 0.8345521023765996 0.03216374269005848 0.07678244972577697
0 0.8976608187134503 0.6736745886654479 0.043859649122807015 0.08043875685557587
0 0.9364035087719298 0.6279707495429616 0.03508771929824561 0.07861060329067641