0 0.3713450292397661 0.573126142595978 0.05263157894736842 0.04936014625228519
0 0.2507309941520468 0.6416819012797075 0.05555555555555555 0.051188299817184646
0 0.4992690058479532 0.44424131627056673 0.06286549707602339 0.0603290676416819
0 0.9700292397660819 0.2623400365630713 0.05701754385964912 0.04753199268738574
0 0.3567251461988304 0.396709323583181 0.054093567251461985 0.04570383912248629
0 0.2507309941520468 0.2696526508226691 0.04678362573099415 0.07678244972577697
0 0.2054093567251462 0.17093235831809872 0.04093567251461988 0.06764168190127971
0 0.24195906432748537 0.03656307129798903 0.043859649122807015 0.06764168190127971
0 0.06140350877192982 0.029250457038391225 0.05701754385964912 0.04570383912248629
0 0.20175438596491227 0.2897623400365631 0.03070175438596491 0.04570383912248629
0 0.1440058479532164 0.12888482632541134 0.033625730994152045 0.05301645338208409
0 0.5431286549707602 0.0850091407678245 0.05701754385964912 0.03473491773308958
0 0.6440058479532164 0.07861060329067641 0.05263157894736842 0.03290676416819013
0 0.1564327485380117 0.7358318098720292 0.059941520467836254 0.04753199268738574
0 0.16593567251461988 0.9753199268738574 0.05116959064327485 0.03656307129798903
0 0.5314327485380117 0.8254113345521024 0.05116959064327485 0.0603290676416819
0 0.5782163742690059 0.876599634369287 0.05701754385964912 0.06764168190127971
0 0.6257309941520468 0.926873857404022 0.05701754385964912 0.06581352833638025
0 0.6761695906432749 0.9689213893967094 0.054093567251461985 0.062157221206581355
0 0.8793859649122807 0.45978062157221206 0.029239766081871343 0.06581352833638025
0 0.8669590643274854 0.5712979890310786 0.027777777777777776 0.07495429616087751
0 0.8611111111111112 0.6636197440585009 0.029239766081871343 0.06398537477148081
0 0.8391812865497076 0.8391224862888482 0.027777777777777776 0.07495429616087751
0 0.8918128654970761 0.6681901279707495 0.039473684210526314 0.07678244972577697
0 0.9283625730994152 0.6288848263254113 0.033625730994152045 0.08226691042047532