0 0.3845029239766082 0.5749542961608776 0.054093567251461985 0.051188299817184646
0 0.18494152046783627 0.6407678244972578 0.05555555555555555 0.04936014625228519
0 0.13815789473684212 0.7111517367458866 0.05701754385964912 0.04753199268738574
0 0.7521929824561403 0.3117001828153565 0.06140350877192982 0.054844606946983544
0 0.7017543859649122 0.44149908592321757 0.059941520467836254 0.054844606946983544
0 0.40131578947368424 0.4085923217550274 0.049707602339181284 0.03290676416819013
0 0.26242690058479534 0.27239488117001825 0.04678362573099415 0.07678244972577697
0 0.21929824561403508 0.17276051188299818 0.04093567251461988 0.06946983546617916
0 0.2543859649122807 0.03930530164533821 0.04239766081871345 0.06764168190127971
0 0.07675438596491228 0.031078610603290677 0.05701754385964912 0.04936014625228519
0 0.21564327485380116 0.2906764168190128 0.029239766081871343 0.04570383912248629
0 0.15862573099415206 0.12979890310786105 0.03654970760233918 0.05850091407678245
0 0.5577485380116959 0.08592321755027423 0.05701754385964912 0.03656307129798903
0 0.6593567251461988 0.08226691042047532 0.054093567251461985 0.03290676416819013
0 0.179093567251462 0.9753199268738574 0.049707602339181284 0.03656307129798903
0 0.5445906432748538 0.8290676416819013 0.05263157894736842 0.062157221206581355
0 0.5921052631578947 0.8784277879341865 0.05555555555555555 0.06581352833638025
0 0.6366959064327485 0.9287020109689214 0.05847953216374269 0.06764168190127971
0 0.6864035087719298 0.9698354661791591 0.05555555555555555 0.0603290676416819
0 0.8940058479532164 0.45886654478976235 0.03216374269005848 0.0712979890310786
0 0.8808479532163743 0.5722120658135283 0.033625730994152045 0.07495429616087751
0 0.8742690058479532 0.6645338208409507 0.03508771929824561 0.06764168190127971
0 0.8508771929824561 0.8382084095063985 0.03216374269005848 0.07495429616087751
0 0.9013157894736842 0.6873857404021938 0.04532163742690058 0.0712979890310786
0 0.9422514619883041 0.6316270566727605 0.033625730994152045 0.07861060329067641