0 0.3830409356725146 0.5685557586837294 0.05116959064327485 0.04753199268738574
0 0.12353801169590643 0.6672760511882998 0.054093567251461985 0.04753199268738574
0 0.16593567251461988 0.6919561243144424 0.05701754385964912 0.04936014625228519
0 0.7054093567251462 0.329981718464351 0.06432748538011696 0.05850091407678245
0 0.7521929824561403 0.40036563071297987 0.059941520467836254 0.05850091407678245
0 0.39400584795321636 0.4012797074954296 0.05116959064327485 0.03473491773308958
0 0.260233918128655 0.26782449725776963 0.04678362573099415 0.07678244972577697
0 0.21564327485380116 0.16819012797074953 0.04093567251461988 0.06946983546617916
0 0.25219298245614036 0.0356489945155393 0.043859649122807015 0.06581352833638025
0 0.07163742690058479 0.0283363802559415 0.059941520467836254 0.051188299817184646
0 0.21198830409356725 0.2870201096892139 0.029239766081871343 0.04570383912248629
0 0.15497076023391812 0.12522851919561243 0.03508771929824561 0.054844606946983544
0 0.554093567251462 0.08135283363802559 0.05555555555555555 0.03473491773308958
0 0.6564327485380117 0.07586837294332724 0.05263157894736842 0.03290676416819013
0 0.17616959064327486 0.9725776965265083 0.05263157894736842 0.03473491773308958
0 0.5416666666666666 0.8226691042047533 0.05116959064327485 0.0603290676416819
0 0.5884502923976608 0.8729433272394881 0.05701754385964912 0.06946983546617916
0 0.6359649122807017 0.9241316270566727 0.05847953216374269 0.06581352833638025
0 0.6878654970760234 0.9670932358318098 0.05701754385964912 0.062157221206581355
0 0.8918128654970761 0.45612431444241314 0.03070175438596491 0.06764168190127971
0 0.8786549707602339 0.5694698354661791 0.03070175438596491 0.07678244972577697
0 0.8720760233918129 0.6590493601462523 0.03216374269005848 0.06581352833638025
0 0.8494152046783626 0.8336380255941499 0.03070175438596491 0.07678244972577697
0 0.8998538011695907 0.6791590493601463 0.04678362573099415 0.08043875685557587
0 0.939327485380117 0.6270566727605119 0.03508771929824561 0.07861060329067641