0 0.3757309941520468 0.5694698354661791 0.05263157894736842 0.04936014625228519
0 0.21564327485380116 0.6608775137111518 0.05555555555555555 0.051188299817184646
0 0.6030701754385965 0.3857404021937843 0.06432748538011696 0.0603290676416819
0 0.8589181286549707 0.32449725776965266 0.059941520467836254 0.054844606946983544
0 0.3786549707602339 0.40036563071297987 0.05116959064327485 0.03473491773308958
0 0.25584795321637427 0.26691042047531993 0.04824561403508772 0.07678244972577697
0 0.21052631578947367 0.16819012797074953 0.04093567251461988 0.06764168190127971
0 0.24561403508771928 0.033820840950639856 0.039473684210526314 0.062157221206581355
0 0.06578947368421052 0.026508226691042046 0.05847953216374269 0.04570383912248629
0 0.20614035087719298 0.28793418647166363 0.03070175438596491 0.04570383912248629
0 0.14839181286549707 0.12431444241316271 0.03508771929824561 0.054844606946983544
0 0.5482456140350878 0.07861060329067641 0.05701754385964912 0.03656307129798903
0 0.6498538011695907 0.07678244972577697 0.05263157894736842 0.03290676416819013
0 0.0402046783625731 0.7888482632541134 0.059941520467836254 0.04753199268738574
0 0.17105263157894737 0.9725776965265083 0.05263157894736842 0.03656307129798903
0 0.5365497076023392 0.8226691042047533 0.05116959064327485 0.062157221206581355
0 0.5833333333333334 0.8729433272394881 0.05701754385964912 0.0712979890310786
0 0.6293859649122807 0.9241316270566727 0.05701754385964912 0.06398537477148081
0 0.6812865497076024 0.9670932358318098 0.05555555555555555 0.06398537477148081
0 0.8837719298245614 0.45521023765996343 0.029239766081871343 0.06764168190127971
0 0.8720760233918129 0.5685557586837294 0.03216374269005848 0.07678244972577697
0 0.8654970760233918 0.659963436928702 0.03216374269005848 0.06581352833638025
0 0.8435672514619883 0.8345521023765996 0.033625730994152045 0.07678244972577697
0 0.8947368421052632 0.6709323583180987 0.04093567251461988 0.08043875685557587
0 0.9320175438596491 0.6261425959780622 0.03654970760233918 0.07861060329067641