0 0.3713450292397661 0.5694698354661791 0.054093567251461985 0.04936014625228519
0 0.2880116959064328 0.6179159049360147 0.054093567251461985 0.051188299817184646
0 0.35014619883040937 0.5274223034734917 0.06286549707602339 0.05850091407678245
0 0.3260233918128655 0.34643510054844606 0.04532163742690058 0.06398537477148081
0 0.25219298245614036 0.2659963436928702 0.04678362573099415 0.07495429616087751
0 0.20614035087719298 0.16544789762340037 0.039473684210526314 0.06946983546617916
0 0.24195906432748537 0.03290676416819013 0.04239766081871345 0.06398537477148081
0 0.06140350877192982 0.027422303473491772 0.059941520467836254 0.04936014625228519
0 0.20321637426900585 0.2851919561243144 0.03070175438596491 0.04753199268738574
0 0.14619883040935672 0.12614259597806216 0.033625730994152045 0.04936014625228519
0 0.5445906432748538 0.07952468007312614 0.05555555555555555 0.03656307129798903
0 0.6461988304093568 0.07586837294332724 0.05263157894736842 0.03473491773308958
0 0.8618421052631579 0.2413162705667276 0.054093567251461985 0.04936014625228519
0 0.3369883040935672 0.6416819012797075 0.059941520467836254 0.05301645338208409
0 0.04824561403508772 0.7897623400365631 0.06140350877192982 0.04936014625228519
0 0.16812865497076024 0.9725776965265083 0.054093567251461985 0.03656307129798903
0 0.5328947368421053 0.8217550274223034 0.049707602339181284 0.05850091407678245
0 0.5789473684210527 0.8720292504570384 0.05847953216374269 0.06946983546617916
0 0.6271929824561403 0.923217550274223 0.05701754385964912 0.06398537477148081
0 0.6776315789473685 0.9652650822669104 0.05701754385964912 0.062157221206581355
0 0.8793859649122807 0.45521023765996343 0.027777777777777776 0.06581352833638025
0 0.868421052631579 0.5676416819012797 0.029239766081871343 0.07678244972577697
0 0.8625730994152047 0.6581352833638026 0.027777777777777776 0.0603290676416819
0 0.8391812865497076 0.8336380255941499 0.029239766081871343 0.0712979890310786
0 0.8918128654970761 0.6581352833638026 0.038011695906432746 0.08043875685557587
0 0.9283625730994152 0.6252285191956124 0.033625730994152045 0.08226691042047532
0 0.9100877192982456 0.803473491773309 0.03216374269005848 0.07495429616087751