0 0.36622807017543857 0.5703839122486288 0.05555555555555555 0.05301645338208409
0 0.30043859649122806 0.6078610603290676 0.05263157894736842 0.04753199268738574
0 0.13742690058479531 0.6407678244972578 0.06578947368421052 0.05850091407678245
0 0.27266081871345027 0.21115173674588666 0.04093567251461988 0.06764168190127971
0 0.24707602339181287 0.2659963436928702 0.04532163742690058 0.07495429616087751
0 0.20175438596491227 0.16544789762340037 0.04093567251461988 0.06946983546617916
0 0.23830409356725146 0.03473491773308958 0.04239766081871345 0.06581352833638025
0 0.0577485380116959 0.026508226691042046 0.05847953216374269 0.043875685557586835
0 0.19809941520467836 0.2851919561243144 0.03070175438596491 0.04570383912248629
0 0.14035087719298245 0.12614259597806216 0.033625730994152045 0.051188299817184646
0 0.5394736842105263 0.07952468007312614 0.05701754385964912 0.03290676416819013
0 0.6403508771929824 0.07586837294332724 0.054093567251461985 0.03290676416819013
0 0.6264619883040936 0.36380255941499084 0.05263157894736842 0.05301645338208409
0 0.564327485380117 0.4990859232175503 0.059941520467836254 0.056672760511883
0 0.27046783625730997 0.6809872029250457 0.06286549707602339 0.05301645338208409
0 0.16228070175438597 0.9716636197440585 0.05263157894736842 0.03473491773308958
0 0.5285087719298246 0.8226691042047533 0.04532163742690058 0.054844606946983544
0 0.5745614035087719 0.8738574040219378 0.05555555555555555 0.06764168190127971
0 0.6228070175438597 0.9241316270566727 0.05847953216374269 0.06581352833638025
0 0.6710526315789473 0.9670932358318098 0.05847953216374269 0.06398537477148081
0 0.8728070175438597 0.45612431444241314 0.027777777777777776 0.06581352833638025
0 0.8618421052631579 0.5676416819012797 0.03070175438596491 0.07495429616087751
0 0.8574561403508771 0.6572212065813529 0.027777777777777776 0.062157221206581355
0 0.8347953216374269 0.8336380255941499 0.027777777777777776 0.0712979890310786
0 0.8888888888888888 0.6508226691042047 0.03508771929824561 0.07861060329067641
0 0.922514619883041 0.6261425959780622 0.03216374269005848 0.07861060329067641
0 0.9035087719298246 0.8043875685557587 0.03070175438596491 0.07495429616087751