0 0.3676900584795322 0.5722120658135283 0.05555555555555555 0.051188299817184646
0 0.29751461988304095 0.613345521023766 0.054093567251461985 0.04936014625228519
0 0.24342105263157895 0.5886654478976234 0.06432748538011696 0.05850091407678245
0 0.30043859649122806 0.2897623400365631 0.038011695906432746 0.06764168190127971
0 0.24853801169590642 0.2687385740402194 0.04824561403508772 0.07678244972577697
0 0.20248538011695907 0.16819012797074953 0.04093567251461988 0.06946983546617916
0 0.23903508771929824 0.0356489945155393 0.04239766081871345 0.06398537477148081
0 0.0577485380116959 0.029250457038391225 0.05847953216374269 0.04753199268738574
0 0.19956140350877194 0.28793418647166363 0.029239766081871343 0.04204753199268738
0 0.1425438596491228 0.12888482632541134 0.033625730994152045 0.051188299817184646
0 0.5409356725146199 0.08135283363802559 0.05701754385964912 0.03656307129798903
0 0.6425438596491229 0.07769652650822668 0.054093567251461985 0.031078610603290677
0 0.7419590643274854 0.30255941499085925 0.054093567251461985 0.051188299817184646
0 0.4510233918128655 0.5758683729433273 0.059941520467836254 0.054844606946983544
0 0.15935672514619884 0.7394881170018281 0.06286549707602339 0.051188299817184646
0 0.16447368421052633 0.9744058500914077 0.054093567251461985 0.03473491773308958
0 0.5292397660818714 0.8244972577696527 0.04678362573099415 0.056672760511883
0 0.5760233918128655 0.8747714808043876 0.05847953216374269 0.06764168190127971
0 0.625 0.9259597806215722 0.05701754385964912 0.062157221206581355
0 0.6717836257309941 0.9680073126142597 0.05847953216374269 0.06398537477148081
0 0.875 0.45886654478976235 0.027777777777777776 0.06581352833638025
0 0.8640350877192983 0.5712979890310786 0.027777777777777776 0.07678244972577697
0 0.8581871345029239 0.6608775137111518 0.027777777777777776 0.062157221206581355
0 0.8355263157894737 0.840036563071298 0.027777777777777776 0.06946983546617916
0 0.8896198830409356 0.6581352833638026 0.038011695906432746 0.08043875685557587
0 0.9239766081871345 0.6279707495429616 0.033625730994152045 0.07861060329067641
0 0.9064327485380117 0.8053016453382084 0.03216374269005848 0.07312614259597806