0 0.36622807017543857 0.5694698354661791 0.05555555555555555 0.051188299817184646
0 0.30116959064327486 0.6069469835466179 0.054093567251461985 0.051188299817184646
0 0.03289473684210526 0.6882998171846435 0.06432748538011696 0.05301645338208409
0 0.23538011695906433 0.12340036563071298 0.04532163742690058 0.0712979890310786
0 0.24707602339181287 0.26508226691042047 0.04532163742690058 0.07495429616087751
0 0.2010233918128655 0.16544789762340037 0.039473684210526314 0.0712979890310786
0 0.23757309941520469 0.0356489945155393 0.04239766081871345 0.06398537477148081
0 0.05701754385964912 0.025594149908592323 0.059941520467836254 0.043875685557586835
0 0.19883040935672514 0.2842778793418647 0.03070175438596491 0.043875685557586835
0 0.13961988304093567 0.12340036563071298 0.033625730994152045 0.056672760511883
0 0.5394736842105263 0.08043875685557587 0.05701754385964912 0.03290676416819013
0 0.6396198830409356 0.07495429616087751 0.05555555555555555 0.03290676416819013
0 0.5124269005847953 0.4305301645338208 0.05263157894736842 0.051188299817184646
0 0.6761695906432749 0.4250457038391225 0.059941520467836254 0.054844606946983544
0 0.3823099415204678 0.6179159049360147 0.06286549707602339 0.056672760511883
0 0.16301169590643275 0.9716636197440585 0.05116959064327485 0.03473491773308958
0 0.5285087719298246 0.8217550274223034 0.04532163742690058 0.056672760511883
0 0.5738304093567251 0.8711151736745887 0.054093567251461985 0.06581352833638025
0 0.6220760233918129 0.9241316270566727 0.05847953216374269 0.06764168190127971
0 0.6710526315789473 0.9661791590493601 0.05847953216374269 0.06398537477148081
0 0.8720760233918129 0.45521023765996343 0.029239766081871343 0.06764168190127971
0 0.8559941520467836 0.6553930530164533 0.02631578947368421 0.062157221206581355
0 0.8340643274853801 0.8336380255941499 0.027777777777777776 0.06946983546617916
0 0.8881578947368421 0.6425959780621572 0.03216374269005848 0.07678244972577697
0 0.9210526315789473 0.6243144424131627 0.03216374269005848 0.07861060329067641
0 0.902046783625731 0.8043875685557587 0.027777777777777776 0.0712979890310786