0 0.3713450292397661 0.5694698354661791 0.05555555555555555 0.051188299817184646
0 0.27850877192982454 0.6243144424131627 0.054093567251461985 0.04936014625228519
0 0.39985380116959063 0.4990859232175503 0.06432748538011696 0.0603290676416819
0 0.3362573099415205 0.3692870201096892 0.05116959064327485 0.062157221206581355
0 0.2507309941520468 0.2659963436928702 0.04532163742690058 0.07678244972577697
0 0.20614035087719298 0.16727605118829983 0.04093567251461988 0.06946983546617916
0 0.24195906432748537 0.033820840950639856 0.043859649122807015 0.06398537477148081
0 0.06140350877192982 0.027422303473491772 0.059941520467836254 0.04753199268738574
0 0.20248538011695907 0.2842778793418647 0.03070175438596491 0.04753199268738574
0 0.14546783625730994 0.12705667276051189 0.033625730994152045 0.051188299817184646
0 0.5431286549707602 0.07952468007312614 0.05555555555555555 0.03656307129798903
0 0.64546783625731 0.07495429616087751 0.054093567251461985 0.03290676416819013
0 0.9203216374269005 0.21572212065813529 0.05701754385964912 0.05301645338208409
0 0.277046783625731 0.6736745886654479 0.059941520467836254 0.04936014625228519
0 0.16812865497076024 0.9725776965265083 0.05263157894736842 0.03473491773308958
0 0.5328947368421053 0.8217550274223034 0.04824561403508772 0.05850091407678245
0 0.5796783625730995 0.8729433272394881 0.05555555555555555 0.06764168190127971
0 0.6279239766081871 0.9223034734917733 0.05701754385964912 0.062157221206581355
0 0.6783625730994152 0.9680073126142597 0.054093567251461985 0.0603290676416819
0 0.8793859649122807 0.45612431444241314 0.029239766081871343 0.06581352833638025
0 0.868421052631579 0.5676416819012797 0.029239766081871343 0.07495429616087751
0 0.8611111111111112 0.659963436928702 0.029239766081871343 0.062157221206581355
0 0.8391812865497076 0.8336380255941499 0.03070175438596491 0.07495429616087751
0 0.8925438596491229 0.659963436928702 0.038011695906432746 0.07861060329067641
0 0.929093567251462 0.6252285191956124 0.03070175438596491 0.07678244972577697
0 0.9100877192982456 0.8043875685557587 0.03070175438596491 0.07312614259597806