0 0.36403508771929827 0.5712979890310786 0.05701754385964912 0.05301645338208409
0 0.2989766081871345 0.6087751371115173 0.05263157894736842 0.051188299817184646
0 0.21198830409356725 0.07678244972577697 0.04532163742690058 0.0712979890310786
0 0.24415204678362573 0.26691042047531993 0.04532163742690058 0.07495429616087751
0 0.19809941520467836 0.1663619744058501 0.04093567251461988 0.0712979890310786
0 0.23464912280701755 0.03656307129798903 0.04239766081871345 0.06398537477148081
0 0.054093567251461985 0.026508226691042046 0.05847953216374269 0.04570383912248629
0 0.19371345029239767 0.2851919561243144 0.03216374269005848 0.04570383912248629
0 0.5365497076023392 0.08226691042047532 0.05701754385964912 0.03290676416819013
0 0.6352339181286549 0.07769652650822668 0.05263157894736842 0.03290676416819013
0 0.45321637426900585 0.46526508226691043 0.05263157894736842 0.05301645338208409
0 0.72953216374269 0.38939670932358317 0.06140350877192982 0.05850091407678245
0 0.43494152046783624 0.5886654478976234 0.06286549707602339 0.056672760511883
0 0.1600877192982456 0.973491773308958 0.054093567251461985 0.03656307129798903
0 0.5255847953216374 0.823583180987203 0.04532163742690058 0.054844606946983544
0 0.5716374269005848 0.8738574040219378 0.054093567251461985 0.06581352833638025
0 0.6191520467836257 0.9241316270566727 0.059941520467836254 0.06581352833638025
0 0.6673976608187134 0.9680073126142597 0.05701754385964912 0.06398537477148081
0 0.868421052631579 0.4579524680073126 0.029239766081871343 0.06581352833638025
0 0.8530701754385965 0.6572212065813529 0.029239766081871343 0.06581352833638025
0 0.8304093567251462 0.8345521023765996 0.03070175438596491 0.07312614259597806
0 0.8859649122807017 0.6389396709323584 0.03216374269005848 0.07678244972577697
0 0.9166666666666666 0.6270566727605119 0.03070175438596491 0.07678244972577697
0 0.8991228070175439 0.8043875685557587 0.027777777777777776 0.0712979890310786