0 0.37792397660818716 0.5411334552102377 0.043859649122807015 0.06946983546617916
0 0.3026315789473684 0.6078610603290676 0.054093567251461985 0.051188299817184646
0 0.24415204678362573 0.26691042047531993 0.04532163742690058 0.07495429616087751
0 0.19883040935672514 0.16727605118829983 0.04239766081871345 0.06946983546617916
0 0.23391812865497075 0.037477148080438755 0.043859649122807015 0.06581352833638025
0 0.05263157894736842 0.031992687385740404 0.054093567251461985 0.043875685557586835
0 0.19371345029239767 0.28793418647166363 0.03216374269005848 0.04570383912248629
0 0.5350877192982456 0.08318098720292505 0.05847953216374269 0.03473491773308958
0 0.6345029239766082 0.07861060329067641 0.05263157894736842 0.03290676416819013
0 0.21929824561403508 0.6023765996343693 0.05116959064327485 0.051188299817184646
0 0.9473684210526315 0.25411334552102377 0.05847953216374269 0.051188299817184646
0 0.6505847953216374 0.44881170018281535 0.059941520467836254 0.056672760511883
0 0.14108187134502925 0.746800731261426 0.05555555555555555 0.04570383912248629
0 0.15935672514619884 0.9762340036563071 0.05116959064327485 0.03473491773308958
0 0.5263157894736842 0.8254113345521024 0.04678362573099415 0.056672760511883
0 0.5687134502923976 0.8738574040219378 0.054093567251461985 0.06764168190127971
0 0.618421052631579 0.9259597806215722 0.05847953216374269 0.06764168190127971
0 0.6673976608187134 0.9680073126142597 0.05555555555555555 0.062157221206581355
0 0.8662280701754386 0.45978062157221206 0.02631578947368421 0.06581352833638025
0 0.8516081871345029 0.6572212065813529 0.029239766081871343 0.06398537477148081
0 0.8289473684210527 0.8363802559414991 0.03070175438596491 0.07312614259597806
0 0.8852339181286549 0.6096892138939671 0.027777777777777776 0.07861060329067641
0 0.9159356725146199 0.6288848263254113 0.03070175438596491 0.07861060329067641
0 0.8969298245614035 0.8062157221206582 0.029239766081871343 0.07312614259597806