0 0.36988304093567254 0.5676416819012797 0.05701754385964912 0.05301645338208409
0 0.3019005847953216 0.6078610603290676 0.054093567251461985 0.051188299817184646
0 0.24707602339181287 0.26508226691042047 0.04678362573099415 0.07495429616087751
0 0.20175438596491227 0.16453382084095064 0.04239766081871345 0.0712979890310786
0 0.23830409356725146 0.03290676416819013 0.04239766081871345 0.06581352833638025
0 0.056286549707602336 0.026508226691042046 0.059941520467836254 0.04570383912248629
0 0.19809941520467836 0.2861060329067642 0.03216374269005848 0.04753199268738574
0 0.5394736842105263 0.08043875685557587 0.05701754385964912 0.03473491773308958
0 0.6388888888888888 0.0740402193784278 0.05116959064327485 0.031078610603290677
0 0.3991228070175439 0.4990859232175503 0.05116959064327485 0.051188299817184646
0 0.7880116959064327 0.35191956124314444 0.059941520467836254 0.056672760511883
0 0.4926900584795322 0.5521023765996343 0.06286549707602339 0.054844606946983544
0 0.16374269005847952 0.973491773308958 0.05263157894736842 0.03473491773308958
0 0.5292397660818714 0.8226691042047533 0.04532163742690058 0.05850091407678245
0 0.5738304093567251 0.8729433272394881 0.05263157894736842 0.06398537477148081
0 0.6213450292397661 0.923217550274223 0.05847953216374269 0.06764168190127971
0 0.6695906432748538 0.9661791590493601 0.05847953216374269 0.06581352833638025
0 0.8720760233918129 0.45612431444241314 0.02631578947368421 0.06398537477148081
0 0.8552631578947368 0.6563071297989032 0.029239766081871343 0.06581352833638025
0 0.8347953216374269 0.8336380255941499 0.03070175438596491 0.07312614259597806
0 0.8888888888888888 0.629798903107861 0.027777777777777776 0.07678244972577697
0 0.918859649122807 0.6288848263254113 0.03070175438596491 0.07861060329067641
0 0.9013157894736842 0.8062157221206582 0.027777777777777776 0.07312614259597806