0 0.3676900584795322 0.5585009140767825 0.05116959064327485 0.06581352833638025
0 0.29239766081871343 0.6115173674588665 0.05263157894736842 0.04936014625228519
0 0.2463450292397661 0.2687385740402194 0.04678362573099415 0.07678244972577697
0 0.2010233918128655 0.16910420475319926 0.04239766081871345 0.06946983546617916
0 0.2361111111111111 0.038391224862888484 0.04239766081871345 0.06398537477148081
0 0.05482456140350877 0.03016453382084095 0.05701754385964912 0.04570383912248629
0 0.1966374269005848 0.2906764168190128 0.029239766081871343 0.043875685557586835
0 0.5292397660818714 0.08683729433272395 0.05701754385964912 0.03290676416819013
0 0.6279239766081871 0.08043875685557587 0.05263157894736842 0.03290676416819013
0 0.2733918128654971 0.5703839122486288 0.05116959064327485 0.04936014625228519
0 0.8859649122807017 0.28793418647166363 0.05847953216374269 0.054844606946983544
0 0.5899122807017544 0.48811700182815354 0.06140350877192982 0.05850091407678245
0 0.09137426900584796 0.773308957952468 0.05701754385964912 0.04570383912248629
0 0.16228070175438597 0.9771480804387569 0.05116959064327485 0.03656307129798903
0 0.5190058479532164 0.8263254113345521 0.04824561403508772 0.05850091407678245
0 0.564327485380117 0.8775137111517367 0.05701754385964912 0.06764168190127971
0 0.6111111111111112 0.9277879341864717 0.05847953216374269 0.06764168190127971
0 0.6593567251461988 0.9698354661791591 0.05701754385964912 0.0603290676416819
0 0.8603801169590644 0.4616087751371115 0.027777777777777776 0.06581352833638025
0 0.8457602339181286 0.6581352833638026 0.027777777777777776 0.062157221206581355
0 0.8245614035087719 0.8382084095063985 0.027777777777777776 0.06946983546617916
0 0.8793859649122807 0.6197440585009141 0.027777777777777776 0.07678244972577697
0 0.9100877192982456 0.6307129798903108 0.03216374269005848 0.07861060329067641
0 0.8918128654970761 0.8089579524680073 0.03070175438596491 0.0712979890310786