0 0.7250778816199377 0.5543766578249337 0.031931464174454825 0.05305039787798409
0 0.12110591900311526 0.8872679045092838 0.011682242990654205 0.09018567639257294
0 0.041666666666666664 0.25596816976127323 0.0264797507788162 0.05305039787798409
0 0.0969626168224299 0.10610079575596817 0.01557632398753894 0.09814323607427056
0 0.022585669781931463 0.5106100795755968 0.02881619937694704 0.03713527851458886
0 0.25 0.7068965517241379 0.01557632398753894 0.10079575596816977
0 0.21728971962616822 0.5212201591511937 0.016355140186915886 0.09814323607427056
0 0.33761682242990654 0.28249336870026526 0.03115264797507788 0.04509283819628647
0 0.4151090342679128 0.2413793103448276 0.030373831775700934 0.04509283819628647
0 0.37850467289719625 0.23076923076923078 0.024922118380062305 0.04509283819628647
0 0.34034267912772587 0.22546419098143236 0.029595015576323987 0.042440318302387266
0 0.7250778816199377 0.31432360742705573 0.03115264797507788 0.050397877984084884
0 0.6857476635514018 0.2957559681697613 0.0264797507788162 0.04509283819628647
0 0.3886292834890966 0.29442970822281167 0.028037383177570093 0.042440318302387266
0 0.3547507788161994 0.3395225464190981 0.028037383177570093 0.04509283819628647
0 0.6468068535825545 0.2838196286472148 0.024922118380062305 0.042440318302387266
0 0.6156542056074766 0.28249336870026526 0.02570093457943925 0.03978779840848806
0 0.5845015576323987 0.27851458885941643 0.029595015576323987 0.03978779840848806
0 0.5389408099688473 0.26790450928381965 0.030373831775700934 0.042440318302387266
0 0.8843457943925234 0.20424403183023873 0.012461059190031152 0.08753315649867374
0 0.8862928348909658 0.10742705570291777 0.012461059190031152 0.07957559681697612
0 0.6140965732087228 0.3925729442970822 0.03115264797507788 0.04774535809018567
0 0.7215732087227414 0.4350132625994695 0.0264797507788162 0.04509283819628647
0 0.822429906542056 0.4827586206896552 0.035046728971962614 0.058355437665782495
0 0.9478193146417445 0.5557029177718833 0.03348909657320872 0.058355437665782495
0 0.867601246105919 0.6803713527851459 0.028037383177570093 0.07692307692307693
0 0.33138629283489096 0.6339522546419099 0.030373831775700934 0.042440318302387266
0 0.367601246105919 0.6312997347480106 0.027258566978193146 0.042440318302387266
0 0.42679127725856697 0.6273209549071618 0.024922118380062305 0.042440318302387266
0 0.4598909657320872 0.6286472148541115 0.027258566978193146 0.04774535809018567
0 0.4976635514018692 0.6352785145888594 0.024922118380062305 0.04509283819628647
0 0.5381619937694704 0.6445623342175066 0.030373831775700934 0.04509283819628647
0 0.5728193146417445 0.6538461538461539 0.02336448598130841 0.04774535809018567
0 0.6156542056074766 0.6591511936339522 0.024922118380062305 0.03978779840848806
0 0.6421339563862928 0.6604774535809018 0.01791277258566978 0.03713527851458886
0 0.6717289719626168 0.6684350132625995 0.029595015576323987 0.042440318302387266
0 0.7122274143302181 0.6790450928381963 0.029595015576323987 0.04509283819628647
0 0.7827102803738317 0.6962864721485411 0.02336448598130841 0.042440318302387266