0 0.6292834890965732 0.5371352785145889 0.031931464174454825 0.050397877984084884
0 0.11993769470404984 0.883289124668435 0.011682242990654205 0.09018567639257294
0 0.07398753894080996 0.21220159151193635 0.024143302180685357 0.08753315649867374
0 0.020638629283489095 0.5106100795755968 0.029595015576323987 0.03978779840848806
0 0.2091121495327103 0.3249336870026525 0.01557632398753894 0.08488063660477453
0 0.2472741433021807 0.8315649867374005 0.014797507788161994 0.09814323607427056
0 0.22819314641744548 0.843501326259947 0.016355140186915886 0.09549071618037135
0 0.3372274143302181 0.27984084880636606 0.030373831775700934 0.04509283819628647
0 0.4143302180685358 0.23872679045092837 0.029595015576323987 0.04509283819628647
0 0.3773364485981308 0.23076923076923078 0.02570093457943925 0.042440318302387266
0 0.3407320872274143 0.22546419098143236 0.02881619937694704 0.042440318302387266
0 0.7254672897196262 0.3116710875331565 0.03271028037383177 0.05570291777188329
0 0.6861370716510904 0.2917771883289125 0.02570093457943925 0.04509283819628647
0 0.41627725856697817 0.2984084880636605 0.02881619937694704 0.04509283819628647
0 0.3660436137071651 0.33819628647214856 0.028037383177570093 0.042440318302387266
0 0.6468068535825545 0.28249336870026526 0.0264797507788162 0.042440318302387266
0 0.6156542056074766 0.27984084880636606 0.024922118380062305 0.04509283819628647
0 0.5841121495327103 0.27718832891246686 0.029595015576323987 0.042440318302387266
0 0.5381619937694704 0.26657824933687 0.030373831775700934 0.042440318302387266
0 0.8847352024922118 0.20291777188328913 0.0132398753894081 0.09018567639257294
0 0.8866822429906542 0.10477453580901856 0.011682242990654205 0.07957559681697612
0 0.8294392523364486 0.15649867374005305 0.0132398753894081 0.09018567639257294
0 0.6954828660436138 0.41909814323607425 0.031931464174454825 0.050397877984084884
0 0.8021806853582555 0.4708222811671088 0.0264797507788162 0.050397877984084884
0 0.9073208722741433 0.5251989389920424 0.03426791277258567 0.0636604774535809
0 0.8672118380062306 0.6790450928381963 0.028037383177570093 0.07427055702917772
0 0.33060747663551404 0.6339522546419099 0.030373831775700934 0.04509283819628647
0 0.3664330218068536 0.629973474801061 0.028037383177570093 0.042440318302387266
0 0.4264018691588785 0.6246684350132626 0.02570093457943925 0.03978779840848806
0 0.4606697819314642 0.6273209549071618 0.02570093457943925 0.04509283819628647
0 0.4976635514018692 0.6339522546419099 0.024143302180685357 0.04509283819628647
0 0.5373831775700935 0.6432360742705571 0.030373831775700934 0.042440318302387266
0 0.5716510903426791 0.649867374005305 0.024922118380062305 0.04774535809018567
0 0.6148753894080997 0.656498673740053 0.02570093457943925 0.042440318302387266
0 0.6425233644859814 0.6591511936339522 0.017133956386292833 0.03978779840848806
0 0.6709501557632399 0.6671087533156499 0.030373831775700934 0.04509283819628647
0 0.7114485981308412 0.6777188328912467 0.029595015576323987 0.04509283819628647
0 0.7827102803738317 0.6936339522546419 0.02336448598130841 0.04509283819628647