0 0.14369158878504673 0.8872679045092838 0.01557632398753894 0.10079575596816977
0 0.40498442367601245 0.513262599469496 0.03348909657320872 0.04509283819628647
0 0.1234423676012461 0.8819628647214854 0.0132398753894081 0.09018567639257294
0 0.09618380062305296 0.08753315649867374 0.014018691588785047 0.09283819628647215
0 0.02219626168224299 0.506631299734748 0.03115264797507788 0.042440318302387266
0 0.22702492211838007 0.6684350132625995 0.01557632398753894 0.09283819628647215
0 0.37227414330218067 0.28514588859416445 0.029595015576323987 0.042440318302387266
0 0.42017133956386293 0.23740053050397877 0.02881619937694704 0.04509283819628647
0 0.3839563862928349 0.22944297082228116 0.0264797507788162 0.04509283819628647
0 0.3469626168224299 0.22281167108753316 0.029595015576323987 0.04774535809018567
0 0.7328660436137072 0.3116710875331565 0.03348909657320872 0.050397877984084884
0 0.6931464174454829 0.29045092838196285 0.0264797507788162 0.04509283819628647
0 0.5424454828660437 0.3209549071618037 0.029595015576323987 0.04774535809018567
0 0.434190031152648 0.35145888594164454 0.029595015576323987 0.04509283819628647
0 0.653816199376947 0.28249336870026526 0.027258566978193146 0.042440318302387266
0 0.6222741433021807 0.27984084880636606 0.024922118380062305 0.04509283819628647
0 0.5903426791277259 0.27718832891246686 0.028037383177570093 0.042440318302387266
0 0.5447819314641744 0.2639257294429708 0.02881619937694704 0.042440318302387266
0 0.8929127725856698 0.20424403183023873 0.012461059190031152 0.09283819628647215
0 0.8964174454828661 0.10344827586206896 0.014018691588785047 0.08222811671087533
0 0.8372274143302181 0.15251989389920426 0.0132398753894081 0.10079575596816977
0 0.8403426791277259 0.038461538461538464 0.010903426791277258 0.07161803713527852
0 0.9633956386292835 0.5477453580901857 0.03271028037383177 0.0610079575596817
0 0.8652647975077882 0.6631299734748011 0.030373831775700934 0.06896551724137931
0 0.3356697819314642 0.6312997347480106 0.031931464174454825 0.04509283819628647
0 0.3711059190031153 0.6286472148541115 0.030373831775700934 0.03978779840848806
0 0.4322429906542056 0.6206896551724138 0.0264797507788162 0.042440318302387266
0 0.4661214953271028 0.6273209549071618 0.027258566978193146 0.03978779840848806
0 0.5027258566978193 0.6312997347480106 0.02570093457943925 0.050397877984084884
0 0.543613707165109 0.6419098143236074 0.03271028037383177 0.04509283819628647
0 0.5778816199376947 0.649867374005305 0.02570093457943925 0.04774535809018567
0 0.6207165109034268 0.6551724137931034 0.0264797507788162 0.042440318302387266
0 0.6475856697819314 0.6591511936339522 0.018691588785046728 0.042440318302387266
0 0.6764018691588785 0.6671087533156499 0.03271028037383177 0.04509283819628647
0 0.7172897196261683 0.6777188328912467 0.029595015576323987 0.04774535809018567
0 0.7881619937694704 0.6923076923076923 0.024143302180685357 0.04774535809018567