0 0.13395638629283488 0.3129973474801061 0.016355140186915886 0.10344827586206896
0 0.2383177570093458 0.6923076923076923 0.017133956386292833 0.10610079575596817
0 0.2854361370716511 0.5822281167108754 0.03115264797507788 0.10079575596816977
0 0.13123052959501558 0.8806366047745358 0.016355140186915886 0.09283819628647215
0 0.028037383177570093 0.5039787798408488 0.031931464174454825 0.03978779840848806
0 0.4532710280373832 0.29973474801061006 0.03271028037383177 0.050397877984084884
0 0.4302959501557632 0.23872679045092837 0.029595015576323987 0.042440318302387266
0 0.3940809968847352 0.22944297082228116 0.0264797507788162 0.03978779840848806
0 0.35708722741433024 0.22413793103448276 0.029595015576323987 0.04774535809018567
0 0.743380062305296 0.3129973474801061 0.03348909657320872 0.05305039787798409
0 0.7036604361370716 0.29442970822281167 0.027258566978193146 0.04509283819628647
0 0.69898753894081 0.3713527851458886 0.029595015576323987 0.050397877984084884
0 0.5564641744548287 0.376657824933687 0.030373831775700934 0.04509283819628647
0 0.6643302180685359 0.28514588859416445 0.02881619937694704 0.042440318302387266
0 0.6312305295950156 0.28116710875331563 0.024143302180685357 0.03978779840848806
0 0.6000778816199377 0.27718832891246686 0.029595015576323987 0.042440318302387266
0 0.5541277258566978 0.26525198938992045 0.02881619937694704 0.042440318302387266
0 0.8473520249221184 0.15649867374005305 0.0132398753894081 0.09549071618037135
0 0.8504672897196262 0.038461538461538464 0.011682242990654205 0.06896551724137931
0 0.8216510903426791 0.6273209549071618 0.03115264797507788 0.04509283819628647
0 0.3442367601246106 0.6326259946949602 0.031931464174454825 0.03978779840848806
0 0.3796728971962617 0.629973474801061 0.031931464174454825 0.03978779840848806
0 0.440809968847352 0.623342175066313 0.027258566978193146 0.034482758620689655
0 0.47468847352024923 0.6273209549071618 0.028037383177570093 0.03978779840848806
0 0.5109034267912772 0.6352785145888594 0.028037383177570093 0.042440318302387266
0 0.5521806853582555 0.6458885941644562 0.03271028037383177 0.04509283819628647
0 0.5860591900311527 0.6511936339522546 0.027258566978193146 0.04509283819628647
0 0.6292834890965732 0.6591511936339522 0.027258566978193146 0.03978779840848806
0 0.6561526479750779 0.6591511936339522 0.019470404984423675 0.04774535809018567
0 0.6845794392523364 0.6684350132625995 0.03426791277258567 0.042440318302387266
0 0.7274143302180686 0.6790450928381963 0.03115264797507788 0.042440318302387266
0 0.7967289719626168 0.6962864721485411 0.024143302180685357 0.042440318302387266
0 0.015965732087227413 0.43103448275862066 0.030373831775700934 0.050397877984084884