0 0.13707165109034267 0.7095490716180372 0.016355140186915886 0.10079575596816977
0 0.2091121495327103 0.1286472148541114 0.019470404984423675 0.10344827586206896
0 0.36020249221183803 0.5159151193633952 0.03348909657320872 0.04774535809018567
0 0.1234423676012461 0.8872679045092838 0.014018691588785047 0.09018567639257294
0 0.09540498442367601 0.07029177718832891 0.014018691588785047 0.09018567639257294
0 0.021417445482866043 0.5106100795755968 0.03348909657320872 0.042440318302387266
0 0.3894080996884735 0.29310344827586204 0.031931464174454825 0.04509283819628647
0 0.4221183800623053 0.2413793103448276 0.03115264797507788 0.042440318302387266
0 0.3851246105919003 0.23342175066312998 0.0264797507788162 0.042440318302387266
0 0.34735202492211836 0.22811671087533156 0.029595015576323987 0.04774535809018567
0 0.7336448598130841 0.3183023872679045 0.03348909657320872 0.05305039787798409
0 0.6939252336448598 0.2957559681697613 0.027258566978193146 0.04509283819628647
0 0.5802180685358256 0.33687002652519893 0.02881619937694704 0.04774535809018567
0 0.4618380062305296 0.3620689655172414 0.029595015576323987 0.03978779840848806
0 0.6545950155763239 0.28779840848806365 0.028037383177570093 0.042440318302387266
0 0.6238317757009346 0.2838196286472148 0.024143302180685357 0.03978779840848806
0 0.5911214953271028 0.28249336870026526 0.029595015576323987 0.03978779840848806
0 0.5455607476635514 0.2692307692307692 0.030373831775700934 0.042440318302387266
0 0.8940809968847352 0.20954907161803712 0.014018691588785047 0.09018567639257294
0 0.897196261682243 0.11140583554376658 0.0132398753894081 0.08488063660477453
0 0.8383956386292835 0.15649867374005305 0.0132398753894081 0.09814323607427056
0 0.8411214953271028 0.04111405835543767 0.010903426791277258 0.07161803713527852
0 0.852803738317757 0.6485411140583555 0.03115264797507788 0.05570291777188329
0 0.3356697819314642 0.6352785145888594 0.03348909657320872 0.04509283819628647
0 0.37149532710280375 0.6326259946949602 0.029595015576323987 0.03978779840848806
0 0.4326323987538941 0.6286472148541115 0.028037383177570093 0.042440318302387266
0 0.4649532710280374 0.6326259946949602 0.028037383177570093 0.03713527851458886
0 0.5031152647975078 0.6352785145888594 0.024922118380062305 0.04774535809018567
0 0.543613707165109 0.6458885941644562 0.03271028037383177 0.04509283819628647
0 0.5778816199376947 0.6551724137931034 0.024922118380062305 0.04774535809018567
0 0.6199376947040498 0.6618037135278515 0.028037383177570093 0.03978779840848806
0 0.6483644859813084 0.6644562334217506 0.019470404984423675 0.042440318302387266
0 0.676791277258567 0.6724137931034483 0.03271028037383177 0.03978779840848806
0 0.7184579439252337 0.6816976127320955 0.03115264797507788 0.04509283819628647
0 0.7881619937694704 0.6976127320954907 0.024143302180685357 0.042440318302387266