0 0.13356697819314642 0.376657824933687 0.017133956386292833 0.10079575596816977
0 0.2340342679127726 0.5888594164456233 0.018691588785046728 0.10875331564986737
0 0.29633956386292837 0.553050397877984 0.03348909657320872 0.09283819628647215
0 0.12967289719626168 0.8753315649867374 0.01557632398753894 0.09549071618037135
0 0.0264797507788162 0.4986737400530504 0.031931464174454825 0.042440318302387266
0 0.4400311526479751 0.2917771883289125 0.03271028037383177 0.03978779840848806
0 0.42834890965732086 0.23209549071618038 0.02881619937694704 0.03978779840848806
0 0.39291277258566976 0.22413793103448276 0.02570093457943925 0.03978779840848806
0 0.3547507788161994 0.21750663129973474 0.029595015576323987 0.04774535809018567
0 0.741822429906542 0.3050397877984085 0.03348909657320872 0.04774535809018567
0 0.7021028037383178 0.2891246684350133 0.028037383177570093 0.04509283819628647
0 0.6736760124610592 0.3541114058355438 0.029595015576323987 0.04774535809018567
0 0.5373831775700935 0.3673740053050398 0.030373831775700934 0.03978779840848806
0 0.661993769470405 0.27718832891246686 0.02881619937694704 0.04509283819628647
0 0.6300623052959502 0.27586206896551724 0.024143302180685357 0.03713527851458886
0 0.5985202492211839 0.2718832891246684 0.030373831775700934 0.03978779840848806
0 0.552570093457944 0.25862068965517243 0.02881619937694704 0.03713527851458886
0 0.9010903426791277 0.20291777188328913 0.0132398753894081 0.08753315649867374
0 0.8454049844236761 0.14986737400530503 0.0132398753894081 0.09283819628647215
0 0.8492990654205608 0.03580901856763926 0.010903426791277258 0.06631299734748011
0 0.8278816199376947 0.6193633952254642 0.03115264797507788 0.042440318302387266
0 0.3415109034267913 0.6259946949602122 0.031931464174454825 0.042440318302387266
0 0.37772585669781933 0.623342175066313 0.03115264797507788 0.03978779840848806
0 0.4384735202492212 0.6180371352785146 0.027258566978193146 0.042440318302387266
0 0.47313084112149534 0.6220159151193634 0.028037383177570093 0.042440318302387266
0 0.5097352024922118 0.6286472148541115 0.0264797507788162 0.04509283819628647
0 0.5494548286604362 0.6405835543766578 0.03115264797507788 0.050397877984084884
0 0.5845015576323987 0.6458885941644562 0.0264797507788162 0.042440318302387266
0 0.6261682242990654 0.6511936339522546 0.027258566978193146 0.042440318302387266
0 0.6542056074766355 0.6511936339522546 0.019470404984423675 0.04774535809018567
0 0.6830218068535826 0.6618037135278515 0.03426791277258567 0.042440318302387266
0 0.7246884735202492 0.6737400530503979 0.031931464174454825 0.04774535809018567
0 0.7955607476635514 0.6870026525198939 0.0264797507788162 0.03978779840848806
0 0.015186915887850467 0.4270557029177719 0.029595015576323987 0.050397877984084884