0 0.13200934579439252 0.4535809018567639 0.017133956386292833 0.09549071618037135
0 0.22702492211838007 0.48010610079575594 0.020249221183800622 0.11140583554376658
0 0.30802180685358255 0.5371352785145889 0.03582554517133956 0.07957559681697612
0 0.12694704049844235 0.8779840848806366 0.014797507788161994 0.08753315649867374
0 0.02336448598130841 0.5026525198938993 0.03348909657320872 0.042440318302387266
0 0.4248442367601246 0.2957559681697613 0.031931464174454825 0.042440318302387266
0 0.42562305295950154 0.23474801061007958 0.030373831775700934 0.042440318302387266
0 0.38979750778816197 0.22679045092838196 0.027258566978193146 0.042440318302387266
0 0.35202492211838005 0.22015915119363394 0.030373831775700934 0.04509283819628647
0 0.7383177570093458 0.3103448275862069 0.03348909657320872 0.05305039787798409
0 0.6985981308411215 0.2891246684350133 0.027258566978193146 0.04509283819628647
0 0.647196261682243 0.35145888594164454 0.029595015576323987 0.04774535809018567
0 0.5155763239875389 0.3673740053050398 0.030373831775700934 0.042440318302387266
0 0.6592679127725857 0.28116710875331563 0.02881619937694704 0.042440318302387266
0 0.6273364485981309 0.27851458885941643 0.024922118380062305 0.03978779840848806
0 0.5954049844236761 0.27586206896551724 0.029595015576323987 0.03978779840848806
0 0.5494548286604362 0.2639257294429708 0.02881619937694704 0.03978779840848806
0 0.8983644859813084 0.20291777188328913 0.014797507788161994 0.09018567639257294
0 0.9014797507788161 0.10344827586206896 0.0132398753894081 0.07957559681697612
0 0.8430685358255452 0.15251989389920426 0.012461059190031152 0.09549071618037135
0 0.8457943925233645 0.038461538461538464 0.010903426791277258 0.06631299734748011
0 0.8329439252336449 0.6259946949602122 0.03115264797507788 0.03978779840848806
0 0.338785046728972 0.6286472148541115 0.031931464174454825 0.04509283819628647
0 0.37461059190031154 0.6259946949602122 0.03115264797507788 0.03713527851458886
0 0.4357476635514019 0.6206896551724138 0.027258566978193146 0.042440318302387266
0 0.4692367601246106 0.6246684350132626 0.02881619937694704 0.03978779840848806
0 0.506619937694704 0.6312997347480106 0.02570093457943925 0.042440318302387266
0 0.5475077881619937 0.6405835543766578 0.031931464174454825 0.04774535809018567
0 0.581386292834891 0.649867374005305 0.024922118380062305 0.042440318302387266
0 0.6238317757009346 0.6551724137931034 0.027258566978193146 0.03978779840848806
0 0.6518691588785047 0.656498673740053 0.019470404984423675 0.04774535809018567
0 0.6802959501557633 0.6644562334217506 0.03271028037383177 0.042440318302387266
0 0.7215732087227414 0.6777188328912467 0.031931464174454825 0.04774535809018567
0 0.7924454828660437 0.6909814323607427 0.024922118380062305 0.03978779840848806