0 0.4797507788161994 0.5265251989389921 0.031931464174454825 0.04509283819628647
0 0.12149532710280374 0.8859416445623343 0.012461059190031152 0.09018567639257294
0 0.0926791277258567 0.1259946949602122 0.014018691588785047 0.09283819628647215
0 0.02102803738317757 0.5119363395225465 0.03115264797507788 0.042440318302387266
0 0.21105919003115264 0.3129973474801061 0.01557632398753894 0.08753315649867374
0 0.2309190031152648 0.8023872679045093 0.014797507788161994 0.08488063660477453
0 0.35241433021806856 0.2891246684350133 0.03115264797507788 0.042440318302387266
0 0.4182242990654206 0.2427055702917772 0.030373831775700934 0.04774535809018567
0 0.3804517133956386 0.23607427055702918 0.02570093457943925 0.04509283819628647
0 0.3438473520249221 0.22679045092838196 0.029595015576323987 0.04774535809018567
0 0.7297507788161994 0.3169761273209549 0.03348909657320872 0.050397877984084884
0 0.6896417445482866 0.2984084880636605 0.027258566978193146 0.04509283819628647
0 0.49065420560747663 0.3169761273209549 0.028037383177570093 0.042440318302387266
0 0.3999221183800623 0.34880636604774534 0.029595015576323987 0.04509283819628647
0 0.6507009345794392 0.28779840848806365 0.028037383177570093 0.04509283819628647
0 0.6187694704049844 0.2838196286472148 0.02570093457943925 0.04774535809018567
0 0.5876168224299065 0.28116710875331563 0.029595015576323987 0.03978779840848806
0 0.5424454828660437 0.2692307692307692 0.030373831775700934 0.042440318302387266
0 0.889797507788162 0.20557029177718833 0.0132398753894081 0.09018567639257294
0 0.8925233644859814 0.10610079575596817 0.0132398753894081 0.08488063660477453
0 0.8341121495327103 0.15251989389920426 0.012461059190031152 0.10344827586206896
0 0.8566978193146417 0.4946949602122016 0.03115264797507788 0.05570291777188329
0 0.9579439252336449 0.5543766578249337 0.02570093457943925 0.04774535809018567
0 0.8695482866043613 0.6790450928381963 0.030373831775700934 0.07957559681697612
0 0.3333333333333333 0.6379310344827587 0.03115264797507788 0.04509283819628647
0 0.3691588785046729 0.6352785145888594 0.029595015576323987 0.042440318302387266
0 0.4295171339563863 0.6273209549071618 0.027258566978193146 0.03978779840848806
0 0.46261682242990654 0.6312997347480106 0.02570093457943925 0.03978779840848806
0 0.5 0.6379310344827587 0.02570093457943925 0.042440318302387266
0 0.5401090342679128 0.6458885941644562 0.03115264797507788 0.04509283819628647
0 0.5751557632398754 0.656498673740053 0.0264797507788162 0.04774535809018567
0 0.617601246105919 0.6618037135278515 0.027258566978193146 0.04509283819628647
0 0.6444704049844237 0.6644562334217506 0.018691588785046728 0.042440318302387266
0 0.6736760124610592 0.669761273209549 0.03348909657320872 0.042440318302387266
0 0.7153426791277259 0.6843501326259946 0.029595015576323987 0.04774535809018567
0 0.785436137071651 0.6936339522546419 0.024143302180685357 0.04774535809018567