0 0.13629283489096572 0.616710875331565 0.017133956386292833 0.10079575596816977
0 0.21690031152647976 0.2453580901856764 0.02102803738317757 0.10875331564986737
0 0.3422897196261682 0.5145888594164456 0.035046728971962614 0.0610079575596817
0 0.12538940809968846 0.8819628647214854 0.014797507788161994 0.08488063660477453
0 0.09890965732087227 0.05702917771883289 0.014797507788161994 0.09018567639257294
0 0.023753894080996884 0.5039787798408488 0.03271028037383177 0.042440318302387266
0 0.4022585669781931 0.29045092838196285 0.031931464174454825 0.042440318302387266
0 0.42445482866043616 0.23607427055702918 0.030373831775700934 0.04509283819628647
0 0.38746105919003115 0.22944297082228116 0.0264797507788162 0.04509283819628647
0 0.34968847352024923 0.22148541114058357 0.030373831775700934 0.04774535809018567
0 0.7363707165109035 0.3103448275862069 0.03426791277258567 0.05305039787798409
0 0.6966510903426791 0.2917771883289125 0.027258566978193146 0.042440318302387266
0 0.602803738317757 0.34084880636604775 0.029595015576323987 0.050397877984084884
0 0.4797507788161994 0.36074270557029176 0.029595015576323987 0.03978779840848806
0 0.6577102803738317 0.28249336870026526 0.028037383177570093 0.03978779840848806
0 0.6261682242990654 0.27851458885941643 0.024143302180685357 0.042440318302387266
0 0.5938473520249221 0.27586206896551724 0.029595015576323987 0.03978779840848806
0 0.5482866043613707 0.2639257294429708 0.029595015576323987 0.042440318302387266
0 0.897196261682243 0.20291777188328913 0.014018691588785047 0.09018567639257294
0 0.8999221183800623 0.10344827586206896 0.014018691588785047 0.08222811671087533
0 0.8403426791277259 0.15384615384615385 0.0132398753894081 0.09549071618037135
0 0.844626168224299 0.038461538461538464 0.010124610591900311 0.06631299734748011
0 0.8477414330218068 0.6352785145888594 0.03115264797507788 0.04509283819628647
0 0.3383956386292835 0.629973474801061 0.03271028037383177 0.042440318302387266
0 0.3742211838006231 0.6259946949602122 0.030373831775700934 0.03713527851458886
0 0.43457943925233644 0.6220159151193634 0.027258566978193146 0.042440318302387266
0 0.4676791277258567 0.6259946949602122 0.028037383177570093 0.042440318302387266
0 0.5054517133956387 0.629973474801061 0.0264797507788162 0.04774535809018567
0 0.5467289719626168 0.6405835543766578 0.031931464174454825 0.04509283819628647
0 0.580607476635514 0.649867374005305 0.02570093457943925 0.04774535809018567
0 0.6226635514018691 0.656498673740053 0.027258566978193146 0.03978779840848806
0 0.6503115264797508 0.6578249336870027 0.020249221183800622 0.04509283819628647
0 0.6787383177570093 0.6657824933687002 0.031931464174454825 0.042440318302387266
0 0.7204049844236761 0.6777188328912467 0.03115264797507788 0.04774535809018567
0 0.7912772585669782 0.6936339522546419 0.024922118380062305 0.04774535809018567