0 0.5377725856697819 0.5278514588859416 0.03115264797507788 0.04774535809018567
0 0.12071651090342679 0.8859416445623343 0.012461059190031152 0.09018567639257294
0 0.0895638629283489 0.14986737400530503 0.01791277258566978 0.09549071618037135
0 0.020638629283489095 0.5092838196286472 0.030373831775700934 0.03978779840848806
0 0.20054517133956387 0.05305039787798409 0.014797507788161994 0.09018567639257294
0 0.22274143302180685 0.6180371352785146 0.014797507788161994 0.08488063660477453
0 0.34345794392523366 0.2838196286472148 0.03115264797507788 0.04509283819628647
0 0.4158878504672897 0.23872679045092837 0.03115264797507788 0.04774535809018567
0 0.37850467289719625 0.23209549071618038 0.024922118380062305 0.042440318302387266
0 0.3422897196261682 0.22413793103448276 0.029595015576323987 0.04509283819628647
0 0.7285825545171339 0.3090185676392573 0.03348909657320872 0.05305039787798409
0 0.6876947040498442 0.29045092838196285 0.0264797507788162 0.04509283819628647
0 0.45872274143302183 0.3050397877984085 0.029595015576323987 0.042440318302387266
0 0.38317757009345793 0.34350132625994695 0.02881619937694704 0.04774535809018567
0 0.6499221183800623 0.27984084880636606 0.0264797507788162 0.042440318302387266
0 0.6179906542056075 0.27586206896551724 0.02570093457943925 0.042440318302387266
0 0.5864485981308412 0.27586206896551724 0.02881619937694704 0.03978779840848806
0 0.5408878504672897 0.2625994694960212 0.029595015576323987 0.03978779840848806
0 0.8882398753894081 0.1989389920424403 0.0132398753894081 0.08753315649867374
0 0.8901869158878505 0.10344827586206896 0.0132398753894081 0.08222811671087533
0 0.8329439252336449 0.15251989389920426 0.012461059190031152 0.09549071618037135
0 0.7889408099688473 0.4588859416445623 0.030373831775700934 0.05305039787798409
0 0.8948598130841121 0.5159151193633952 0.0264797507788162 0.050397877984084884
0 0.8691588785046729 0.6777188328912467 0.029595015576323987 0.07427055702917772
0 0.3317757009345794 0.6339522546419099 0.03115264797507788 0.042440318302387266
0 0.3679906542056075 0.629973474801061 0.02881619937694704 0.03978779840848806
0 0.4279595015576324 0.6246684350132626 0.0264797507788162 0.042440318302387266
0 0.46261682242990654 0.6259946949602122 0.0264797507788162 0.03978779840848806
0 0.49961059190031154 0.6326259946949602 0.02570093457943925 0.04509283819628647
0 0.5404984423676013 0.6419098143236074 0.031931464174454825 0.042440318302387266
0 0.5743769470404985 0.649867374005305 0.024143302180685357 0.04774535809018567
0 0.6172118380062306 0.656498673740053 0.024922118380062305 0.042440318302387266
0 0.6444704049844237 0.6591511936339522 0.018691588785046728 0.042440318302387266
0 0.6732866043613707 0.6644562334217506 0.029595015576323987 0.042440318302387266
0 0.7137850467289719 0.6763925729442971 0.03115264797507788 0.042440318302387266
0 0.7846573208722741 0.6909814323607427 0.024922118380062305 0.04509283819628647