0 0.6927570093457944 0.5450928381962865 0.031931464174454825 0.050397877984084884
0 0.12071651090342679 0.8819628647214854 0.011682242990654205 0.09018567639257294
0 0.05451713395638629 0.2427055702917772 0.028037383177570093 0.06896551724137931
0 0.09813084112149532 0.07029177718832891 0.014018691588785047 0.10079575596816977
0 0.021806853582554516 0.5079575596816976 0.02881619937694704 0.03713527851458886
0 0.20093457943925233 0.11007957559681697 0.01557632398753894 0.09018567639257294
0 0.24766355140186916 0.7387267904509284 0.014797507788161994 0.10344827586206896
0 0.22118380062305296 0.6259946949602122 0.01557632398753894 0.09814323607427056
0 0.33761682242990654 0.27851458885941643 0.03115264797507788 0.04509283819628647
0 0.4143302180685358 0.23474801061007958 0.029595015576323987 0.04774535809018567
0 0.3773364485981308 0.22944297082228116 0.02570093457943925 0.04774535809018567
0 0.3407320872274143 0.22281167108753316 0.02881619937694704 0.04509283819628647
0 0.7254672897196262 0.3090185676392573 0.03271028037383177 0.05305039787798409
0 0.6857476635514018 0.2917771883289125 0.0264797507788162 0.04774535809018567
0 0.39641744548286606 0.2917771883289125 0.027258566978193146 0.04774535809018567
0 0.3574766355140187 0.33554376657824936 0.028037383177570093 0.042440318302387266
0 0.6464174454828661 0.27984084880636606 0.0264797507788162 0.042440318302387266
0 0.6156542056074766 0.27718832891246686 0.024922118380062305 0.042440318302387266
0 0.5841121495327103 0.27453580901856767 0.030373831775700934 0.042440318302387266
0 0.5385514018691588 0.2639257294429708 0.030373831775700934 0.03978779840848806
0 0.8839563862928349 0.1989389920424403 0.0132398753894081 0.08753315649867374
0 0.8859034267912772 0.10344827586206896 0.011682242990654205 0.07692307692307693
0 0.6401869158878505 0.3952254641909814 0.031931464174454825 0.050397877984084884
0 0.7464953271028038 0.4416445623342175 0.0264797507788162 0.04774535809018567
0 0.8496884735202492 0.4907161803713528 0.03582554517133956 0.058355437665782495
0 0.9805295950155763 0.5676392572944297 0.03426791277258567 0.058355437665782495
0 0.8672118380062306 0.6750663129973474 0.02881619937694704 0.07692307692307693
0 0.33060747663551404 0.6286472148541115 0.03115264797507788 0.042440318302387266
0 0.36721183800623053 0.6273209549071618 0.027258566978193146 0.042440318302387266
0 0.42718068535825543 0.6206896551724138 0.02570093457943925 0.04509283819628647
0 0.4598909657320872 0.6246684350132626 0.027258566978193146 0.04509283819628647
0 0.49727414330218067 0.6312997347480106 0.024922118380062305 0.042440318302387266
0 0.5373831775700935 0.6405835543766578 0.029595015576323987 0.04509283819628647
0 0.5728193146417445 0.6485411140583555 0.02336448598130841 0.04774535809018567
0 0.6152647975077882 0.6511936339522546 0.024922118380062305 0.042440318302387266
0 0.6417445482866043 0.656498673740053 0.018691588785046728 0.042440318302387266
0 0.6717289719626168 0.6657824933687002 0.030373831775700934 0.042440318302387266
0 0.7122274143302181 0.6763925729442971 0.030373831775700934 0.04774535809018567
0 0.7827102803738317 0.6909814323607427 0.024143302180685357 0.04774535809018567