0 0.5992990654205608 0.53315649867374 0.03115264797507788 0.04509283819628647
0 0.12149532710280374 0.8806366047745358 0.012461059190031152 0.09018567639257294
0 0.08333333333333333 0.1856763925729443 0.02336448598130841 0.09549071618037135
0 0.021806853582554516 0.506631299734748 0.02881619937694704 0.03978779840848806
0 0.21534267912772587 0.4230769230769231 0.016355140186915886 0.08753315649867374
0 0.25 0.8846153846153846 0.014018691588785047 0.09814323607427056
0 0.2336448598130841 0.9442970822281167 0.01557632398753894 0.09549071618037135
0 0.3395638629283489 0.27851458885941643 0.03115264797507788 0.042440318302387266
0 0.41549844236760125 0.23474801061007958 0.03115264797507788 0.04774535809018567
0 0.3788940809968847 0.22811671087533156 0.024922118380062305 0.042440318302387266
0 0.34190031152647976 0.22015915119363394 0.02881619937694704 0.042440318302387266
0 0.7270249221183801 0.3090185676392573 0.031931464174454825 0.050397877984084884
0 0.6876947040498442 0.28779840848806365 0.0264797507788162 0.04774535809018567
0 0.43146417445482865 0.2984084880636605 0.02881619937694704 0.04509283819628647
0 0.37227414330218067 0.33554376657824936 0.02881619937694704 0.03978779840848806
0 0.6487538940809969 0.28116710875331563 0.0264797507788162 0.042440318302387266
0 0.6172118380062306 0.27718832891246686 0.02570093457943925 0.04509283819628647
0 0.5860591900311527 0.27320954907161804 0.030373831775700934 0.042440318302387266
0 0.5401090342679128 0.2625994694960212 0.029595015576323987 0.042440318302387266
0 0.8866822429906542 0.1989389920424403 0.011682242990654205 0.08753315649867374
0 0.889018691588785 0.10344827586206896 0.0132398753894081 0.07957559681697612
0 0.8309968847352025 0.15384615384615385 0.011682242990654205 0.09283819628647215
0 0.7266355140186916 0.4297082228116711 0.03271028037383177 0.05570291777188329
0 0.8337227414330218 0.48408488063660476 0.0264797507788162 0.050397877984084884
0 0.9400311526479751 0.5371352785145889 0.03582554517133956 0.058355437665782495
0 0.8691588785046729 0.6763925729442971 0.02881619937694704 0.07692307692307693
0 0.3317757009345794 0.629973474801061 0.029595015576323987 0.04509283819628647
0 0.36838006230529596 0.6273209549071618 0.028037383177570093 0.042440318302387266
0 0.4279595015576324 0.6220159151193634 0.02570093457943925 0.04509283819628647
0 0.4618380062305296 0.6259946949602122 0.02570093457943925 0.042440318302387266
0 0.4992211838006231 0.629973474801061 0.02570093457943925 0.04509283819628647
0 0.5389408099688473 0.6405835543766578 0.031931464174454825 0.04509283819628647
0 0.57398753894081 0.6485411140583555 0.024143302180685357 0.04509283819628647
0 0.6164330218068536 0.6538461538461539 0.0264797507788162 0.042440318302387266
0 0.6436915887850467 0.6551724137931034 0.01791277258566978 0.03713527851458886
0 0.6725077881619937 0.6644562334217506 0.030373831775700934 0.03978779840848806
0 0.7126168224299065 0.6777188328912467 0.03115264797507788 0.04509283819628647
0 0.7842679127725857 0.6896551724137931 0.024143302180685357 0.04509283819628647