0 0.5677570093457944 0.5278514588859416 0.03271028037383177 0.04774535809018567
0 0.12149532710280374 0.8819628647214854 0.012461059190031152 0.09018567639257294
0 0.08566978193146417 0.1724137931034483 0.02102803738317757 0.09814323607427056
0 0.020249221183800622 0.5106100795755968 0.030373831775700934 0.042440318302387266
0 0.21884735202492211 0.5251989389920424 0.014797507788161994 0.08222811671087533
0 0.25272585669781933 0.946949602122016 0.014018691588785047 0.09549071618037135
0 0.3415109034267913 0.27851458885941643 0.030373831775700934 0.03978779840848806
0 0.41627725856697817 0.23607427055702918 0.03271028037383177 0.04774535809018567
0 0.3788940809968847 0.22944297082228116 0.024143302180685357 0.04774535809018567
0 0.3426791277258567 0.22281167108753316 0.029595015576323987 0.04509283819628647
0 0.7270249221183801 0.3090185676392573 0.03348909657320872 0.050397877984084884
0 0.6880841121495327 0.29045092838196285 0.0264797507788162 0.04509283819628647
0 0.4447040498442368 0.3010610079575597 0.02881619937694704 0.04509283819628647
0 0.3773364485981308 0.33819628647214856 0.028037383177570093 0.042440318302387266
0 0.6491433021806854 0.28116710875331563 0.0264797507788162 0.042440318302387266
0 0.6179906542056075 0.27851458885941643 0.024922118380062305 0.042440318302387266
0 0.5860591900311527 0.27453580901856767 0.02881619937694704 0.03713527851458886
0 0.5401090342679128 0.2639257294429708 0.029595015576323987 0.042440318302387266
0 0.8870716510903427 0.2002652519893899 0.012461059190031152 0.08753315649867374
0 0.889018691588785 0.10344827586206896 0.012461059190031152 0.08222811671087533
0 0.831386292834891 0.15119363395225463 0.012461059190031152 0.09549071618037135
0 0.7570093457943925 0.4416445623342175 0.03271028037383177 0.05570291777188329
0 0.8633177570093458 0.5 0.0264797507788162 0.050397877984084884
0 0.9723520249221184 0.5570291777188329 0.035046728971962614 0.058355437665782495
0 0.8687694704049844 0.6763925729442971 0.02881619937694704 0.07427055702917772
0 0.33216510903426794 0.629973474801061 0.03115264797507788 0.042440318302387266
0 0.3679906542056075 0.6273209549071618 0.028037383177570093 0.042440318302387266
0 0.42834890965732086 0.6220159151193634 0.024922118380062305 0.03978779840848806
0 0.4622274143302181 0.6273209549071618 0.02570093457943925 0.03978779840848806
0 0.4992211838006231 0.6312997347480106 0.0264797507788162 0.042440318302387266
0 0.5393302180685359 0.6405835543766578 0.03115264797507788 0.04509283819628647
0 0.5743769470404985 0.6485411140583555 0.024922118380062305 0.04509283819628647
0 0.6172118380062306 0.6551724137931034 0.0264797507788162 0.04509283819628647
0 0.6440809968847352 0.656498673740053 0.018691588785046728 0.042440318302387266
0 0.6721183800623053 0.6644562334217506 0.029595015576323987 0.03978779840848806
0 0.7137850467289719 0.6777188328912467 0.030373831775700934 0.04509283819628647
0 0.7838785046728972 0.6909814323607427 0.024143302180685357 0.04774535809018567