0 0.6631619937694704 0.5397877984084881 0.031931464174454825 0.050397877984084884
0 0.12149532710280374 0.8819628647214854 0.012461059190031152 0.09018567639257294
0 0.06697819314641744 0.22811671087533156 0.0264797507788162 0.07957559681697612
0 0.10007788161993769 0.04907161803713528 0.012461059190031152 0.09283819628647215
0 0.022975077881619937 0.5092838196286472 0.02881619937694704 0.03978779840848806
0 0.20638629283489096 0.21750663129973474 0.01557632398753894 0.08753315649867374
0 0.24805295950155765 0.7811671087533156 0.012461059190031152 0.09814323607427056
0 0.22624610591900313 0.7360742705570292 0.016355140186915886 0.09814323607427056
0 0.338785046728972 0.27851458885941643 0.030373831775700934 0.04509283819628647
0 0.41549844236760125 0.23607427055702918 0.03115264797507788 0.04509283819628647
0 0.3792834890965732 0.22944297082228116 0.02570093457943925 0.04509283819628647
0 0.3422897196261682 0.22148541114058357 0.02881619937694704 0.04509283819628647
0 0.7270249221183801 0.3076923076923077 0.03271028037383177 0.05305039787798409
0 0.6869158878504673 0.2891246684350133 0.02570093457943925 0.04509283819628647
0 0.4077102803738318 0.29442970822281167 0.02881619937694704 0.04509283819628647
0 0.3633177570093458 0.33554376657824936 0.028037383177570093 0.042440318302387266
0 0.6483644859813084 0.28116710875331563 0.02570093457943925 0.042440318302387266
0 0.6172118380062306 0.27718832891246686 0.024922118380062305 0.042440318302387266
0 0.5848909657320872 0.27320954907161804 0.029595015576323987 0.03978779840848806
0 0.5401090342679128 0.2625994694960212 0.029595015576323987 0.03978779840848806
0 0.8862928348909658 0.1989389920424403 0.012461059190031152 0.08753315649867374
0 0.8878504672897196 0.10344827586206896 0.011682242990654205 0.07957559681697612
0 0.830607476635514 0.15517241379310345 0.012461059190031152 0.08753315649867374
0 0.668613707165109 0.40716180371352784 0.03115264797507788 0.05570291777188329
0 0.7757009345794392 0.45490716180371354 0.0264797507788162 0.04509283819628647
0 0.8792834890965732 0.506631299734748 0.035046728971962614 0.058355437665782495
0 0.8691588785046729 0.6763925729442971 0.02881619937694704 0.07427055702917772
0 0.33216510903426794 0.629973474801061 0.03115264797507788 0.042440318302387266
0 0.3679906542056075 0.6259946949602122 0.028037383177570093 0.03978779840848806
0 0.4279595015576324 0.6206896551724138 0.0264797507788162 0.042440318302387266
0 0.46105919003115264 0.6259946949602122 0.027258566978193146 0.04509283819628647
0 0.4984423676012461 0.6312997347480106 0.024922118380062305 0.042440318302387266
0 0.5393302180685359 0.6419098143236074 0.03115264797507788 0.04509283819628647
0 0.573208722741433 0.649867374005305 0.02570093457943925 0.04774535809018567
0 0.6164330218068536 0.6538461538461539 0.0264797507788162 0.04509283819628647
0 0.6433021806853583 0.6578249336870027 0.018691588785046728 0.03978779840848806
0 0.6728971962616822 0.6657824933687002 0.030373831775700934 0.042440318302387266
0 0.7133956386292835 0.6777188328912467 0.031931464174454825 0.04774535809018567
0 0.7842679127725857 0.6936339522546419 0.02336448598130841 0.04774535809018567